0.01,0.9133190428574209,0.1822311067756859,0.01,0.1722311067756859,0
0.01,0.9556772691957369,0.1906826840498623,0.01,0.1806826840498623,0
0.01,1,0.199526231496888,0.01,0.189526231496888,0
0.01,1.046378345737535,0.2087799280449581,0.01,0.1987799280449581,0
0.01,1.09490764242842,0.2184627957308848,0.01,0.2084627957308848,0
0.01254347938647262,0.9133190428574209,0.1972735318747671,0.01,0.1872735318747671,0
0.01254347938647262,0.9556772691957369,0.2064227519409197,0.01,0.1964227519409197,0
0.01254347938647262,1,0.215996297698529,0.01,0.205996297698529,0
0.01254347938647262,1.046378345737535,0.2260138486712189,0.01,0.2160138486712189,0
0.01254347938647262,1.09490764242842,0.2364959970863636,0.01,0.2264959970863636,0
0.01508695877294524,0.9133190428574209,0.2104423336263654,0.01,0.2004423336263654,0
0.01508695877294524,0.9556772691957369,0.2202023009331027,0.01,0.2102023009331027,0
0.01508695877294524,1,0.2304149193779788,0.01,0.2204149193779788,0
0.01508695877294524,1.046378345737535,0.2411011821719769,0.01,0.2311011821719769,0
0.01508695877294524,1.09490764242842,0.2522830561564773,0.01,0.2422830561564773,0
0.01763043815941786,0.9133190428574209,0.2222360963089187,0.01,0.2122360963089187,0
0.01763043815941786,0.9556772691957369,0.2325430388188938,0.01,0.2225430388188938,0
0.01763043815941786,1,0.2433280002720934,0.01,0.2333280002720934,0
0.01763043815941786,1.046378345737535,0.2546131503963356,0.01,0.2446131503963356,0
0.01763043815941786,1.09490764242842,0.2664216871147398,0.01,0.2564216871147398,0
0.02017391754589047,0.9133190428574209,0.2329695159697104,0.01,0.2229695159697103,0
0.02017391754589047,0.9556772691957369,0.2437742567276598,0.01,0.2337742567276598,0
0.02017391754589047,1,0.2550801034880857,0.01,0.2450801034880857,0
0.02017391754589047,1.046378345737535,0.2669102967184224,0.01,0.2569102967184224,0
0.02017391754589047,1.09490764242842,0.2792891547405374,0.01,0.2692891547405374,0
0.02271739693236309,0.9133190428574209,0.2428555378025758,0.01,0.2328555378025758,0
0.02271739693236309,0.9556772691957369,0.2541187758990586,0.01,0.2441187758990586,0
0.02271739693236309,1,0.2659043843461043,0.01,0.2559043843461043,0
0.02271739693236309,1.046378345737535,0.2782365898164343,0.01,0.2682365898164343,0
0.02271739693236309,1.09490764242842,0.2911407425757735,0.01,0.2811407425757735,0
0.02526087631883571,0.9133190428574209,0.2520457955411084,0.01,0.2420457955411084,0
0.02526087631883571,0.9556772691957369,0.263735262588406,0.01,0.253735262588406,0
0.02526087631883571,1,0.2759668677799106,0.01,0.2659668677799106,0
0.02526087631883571,1.046378345737535,0.2887657545859119,0.01,0.2787657545859119,0
0.02526087631883571,1.09490764242842,0.3021582325892574,0.01,0.2921582325892574,0
0.02780435570530833,0.9133190428574209,0.2606525664225738,0.01,0.2506525664225738,0
0.02780435570530833,0.9556772691957369,0.2727412012654957,0.01,0.2627412012654957,0
0.02780435570530833,1,0.2853904869946575,0.01,0.2753904869946575,0
0.02780435570530833,1.046378345737535,0.2986264256706991,0.01,0.2886264256706991,0
0.02780435570530833,1.09490764242842,0.3124762252868191,0.01,0.3024762252868191,0
0.03034783509178095,0.9133190428574209,0.2687615971468557,0.01,0.2587615971468557,0
0.03034783509178095,0.9556772691957369,0.2812263154203047,0.01,0.2712263154203047,0
0.03034783509178095,1,0.2942691267073606,0.01,0.2842691267073606,0
0.03034783509178095,1.046378345737535,0.307916842005677,0.01,0.297916842005677,0
0.03034783509178095,1.09490764242842,0.3221975157626262,0.01,0.3121975157626262,0
0.03289131447825357,0.9133190428574209,0.27644003761572,0.01,0.26644003761572,0
0.03289131447825357,0.9556772691957369,0.2892608692559591,0.01,0.2792608692559591,0
0.03289131447825357,1,0.3026763098586518,0.01,0.2926763098586518,0
0.03289131447825357,1.046378345737535,0.3167139364038375,0.01,0.3067139364038375,0
0.03289131447825357,1.09490764242842,0.3314026048462704,0.01,0.3214026048462704,0
0.03543479386472619,0.9133190428574209,0.2837415792433,0.01,0.2737415792432999,0
0.03543479386472619,0.9556772691957369,0.2969010443055599,0.01,0.2869010443055599,0
0.03543479386472619,1,0.3106708235881983,0.01,0.3006708235881983,0
0.03543479386472619,1.046378345737535,0.3250792224551365,0.01,0.3150792224551365,0
0.03543479386472619,1.09490764242842,0.3401558590262498,0.01,0.3301558590262498,0
0.0379782732511988,0.9133190428574209,0.2907099109339583,0.01,0.2807099109339583,0
0.0379782732511988,0.9556772691957369,0.3041925556925814,0.01,0.2941925556925814,0
0.0379782732511988,1,0.3183005032112763,0.01,0.3083005032112763,0
0.0379782732511988,1.046378345737535,0.3330627539976402,0.01,0.3230627539976402,0
0.0379782732511988,1.09490764242842,0.3485096535548383,0.01,0.3385096535548383,0
0.04052175263767142,0.9133190428574209,0.2973811182709303,0.01,0.2873811182709303,0
0.04052175263767142,0.9556772691957369,0.3111731625899143,0.01,0.3011731625899143,0
0.04052175263767142,1,0.3256048591087515,0.01,0.3156048591087515,0
0.04052175263767142,1.046378345737535,0.3407058738383185,0.01,0.3307058738383185,0
0.04052175263767142,1.09490764242842,0.3565072486500011,0.01,0.346507248650001,0
0.04306523202414404,0.9133190428574209,0.3037853944907919,0.01,0.2937853944907919,0
0.04306523202414404,0.9556772691957369,0.3178744585464993,0.01,0.3078744585464993,0
0.04306523202414404,1,0.3326169500861005,0.01,0.3226169500861005,0
0.04306523202414404,1.046378345737535,0.3480431739953581,0.01,0.338043173995358,0
0.04306523202414404,1.09490764242842,0.3641848406505038,0.01,0.3541848406505038,0
0.04560871141061666,0.9133190428574209,0.3099482892626086,0.01,0.2999482892626086,0
0.04560871141061666,0.9556772691957369,0.3243231781827874,0.01,0.3143231781827874,0
0.04560871141061666,1,0.3393647506712448,0.01,0.3293647506712448,0
0.04560871141061666,1.046378345737535,0.3551039264090081,0.01,0.3451039264090081,0
0.04560871141061666,1.09490764242842,0.3715730590807613,0.01,0.3615730590807613,0
0.04815219079708928,0.9133190428574209,0.3158916386968578,0.01,0.3058916386968578,0
0.04815219079708928,0.9556772691957369,0.3305421703319371,0.01,0.3205421703319371,0
0.04815219079708928,1,0.3458721693884269,0.01,0.3358721693884268,0
0.04815219079708928,1.046378345737535,0.3619131484413146,0.01,0.3519131484413145,0
0.04815219079708928,1.09490764242842,0.3786980815666856,0.01,0.3686980815666856,0
0.0506956701835619,0.9133190428574209,0.3216342703375752,0.01,0.3116342703375752,0
0.0506956701835619,0.9556772691957369,0.336551135728331,0.01,0.326551135728331,0
0.0506956701835619,1,0.3521598206594996,0.01,0.3421598206594996,0
0.0506956701835619,1.046378345737535,0.3684924105769141,0.01,0.3584924105769141,0
0.0506956701835619,1.09490764242842,0.3855824789963079,0.01,0.3755824789963079,0
0.05323914957003452,0.9133190428574209,0.3271925460344252,0.01,0.3171925460344252,0
0.05323914957003452,0.9556772691957369,0.3423671950571541,0.01,0.3323671950571541,0
0.05323914957003452,1,0.3582456191987048,0.01,0.3482456191987048,0
0.05323914957003452,1.046378345737535,0.3748604583848597,0.01,0.3648604583848596,0
0.05323914957003452,1.09490764242842,0.3922458663271635,0.01,0.3822458663271635,0
0.05578262895650714,0.9133190428574209,0.332580785869407,0.01,0.322580785869407,0
0.05578262895650714,0.9556772691957369,0.3480053325421194,0.01,0.3380053325421194,0
0.05578262895650714,1,0.3641452441732636,0.01,0.3541452441732636,0
0.05578262895650714,1.046378345737535,0.3810336982062102,0.01,0.3710336982062102,0
0.05578262895650714,1.09490764242842,0.3987054107992694,0.01,0.3887054107992694,0
0.05832610834297976,0.9133190428574209,0.3378116033861105,0.01,0.3278116033861105,0
0.05832610834297976,0.9556772691957369,0.3534787467221026,0.01,0.3434787467221026,0
0.05832610834297976,1,0.3698725062484508,0.01,0.3598725062484508,0
0.05832610834297976,1.046378345737535,0.38702658122205,0.01,0.37702658122205,0
0.05832610834297976,1.09490764242842,0.4049762338155823,0.01,0.3949762338155823,0
0.06086958772945238,0.9133190428574209,0.3428961737040783,0.01,0.3328961737040783,0
0.06086958772945238,0.9556772691957369,0.3587991310002039,0.01,0.3487991310002039,0
0.06086958772945238,1,0.3754396411480584,0.01,0.3654396411480584,0
0.06086958772945238,1.046378345737535,0.392851910628799,0.01,0.382851910628799,0
0.06086958772945238,1.09490764242842,0.4110717323635927,0.01,0.4010717323635927,0
0.063413067115925,0.9133190428574209,0.347844450173778,0.01,0.337844450173778,0
0.063413067115925,0.9556772691957369,0.3639769003468202,0.01,0.3539769003468202,0
0.063413067115925,1,0.3808575468715813,0.01,0.3708575468715813,0
0.063413067115925,1.046378345737535,0.3985210898571409,0.01,0.3885210898571409,0
0.063413067115925,1.09490764242842,0.4170038387462346,0.01,0.4070038387462346,0
0.06595654650239761,0.9133190428574209,0.3526653410991675,0.01,0.3426653410991675,0
0.06595654650239761,0.9556772691957369,0.3690213762183104,0.01,0.3590213762183104,0
0.06595654650239761,1,0.3861359771891041,0.01,0.3761359771891041,0
0.06595654650239761,1.046378345737535,0.4040443250408813,0.01,0.3940443250408813,0
0.06595654650239761,1.09490764242842,0.4227832324409162,0.01,0.4127832324409162,0
0.06850002588887023,0.9133190428574209,0.3573668551311859,0.01,0.3473668551311859,0
0.06850002588887023,0.9556772691957369,0.3739409386935956,0.01,0.3639409386935956,0
0.06850002588887023,1,0.3912837008337455,0.01,0.3812837008337455,0
0.06850002588887023,1.046378345737535,0.4094307915924751,0.01,0.3994307915924751,0
0.06850002588887023,1.09490764242842,0.4284195144005435,0.01,0.4184195144005435,0
0.07104350527534284,0.9133190428574209,0.3619562218336907,0.01,0.3519562218336907,0
0.07104350527534284,0.9556772691957369,0.3787431526317456,0.01,0.3687431526317456,0
0.07104350527534284,1,0.3963086335102246,0.01,0.3863086335102246,0
0.07104350527534284,1.046378345737535,0.4146887723339318,0.01,0.4046887723339318,0
0.07104350527534284,1.09490764242842,0.4339213515907088,0.01,0.4239213515907088,0
0.07358698466181546,0.9133190428574209,0.3664399923913898,0.01,0.3564399923913898,0
0.07358698466181546,0.9556772691957369,0.3834348730505774,0.01,0.3734348730505774,0
0.07358698466181546,1,0.4012179481607449,0.01,0.3912179481607448,0
0.07358698466181546,1.046378345737535,0.4198257728766482,0.01,0.4098257728766482,0
0.07358698466181546,1.09490764242842,0.4392965977206492,0.01,0.4292965977206492,0
0.07613046404828808,0.9133190428574209,0.3708241242984502,0.01,0.3608241242984502,0
0.07613046404828808,0.9556772691957369,0.3880223337429824,0.01,0.3780223337429824,0
0.07613046404828808,1,0.4060181676911996,0.01,0.3960181676911996,0
0.07613046404828808,1.046378345737535,0.4248486186481024,0.01,0.4148486186481024,0
0.07613046404828808,1.09490764242842,0.4445523947698782,0.01,0.4345523947698782,0
0.0786739434347607,0.9133190428574209,0.3751140530218805,0.01,0.3651140530218805,0
0.0786739434347607,0.9556772691957369,0.3925112222639373,0.01,0.3825112222639372,0
0.0786739434347607,1,0.4107152434359566,0.01,0.4007152434359565,0
0.0786739434347607,1.046378345737535,0.4297635369957051,0.01,0.4197635369957051,0
0.0786739434347607,1.09490764242842,0.4496952588998778,0.01,0.4396952588998778,0
0.08121742282123331,0.9133190428574209,0.3793147529961387,0.01,0.3693147529961387,0
0.08121742282123331,0.9556772691957369,0.3969067437539413,0.01,0.3869067437539413,0
0.08121742282123331,1,0.4153146219413207,0.01,0.4053146219413207,0
0.08121742282123331,1.046378345737535,0.4345762270675689,0.01,0.4245762270675689,0
0.08121742282123331,1.09490764242842,0.4547311535758221,0.01,0.444731153575822,0
0.08376090220770593,0.9133190428574209,0.3834307898191667,0.01,0.3734307898191667,0
0.08376090220770593,0.9556772691957369,0.4012136755558161,0.01,0.3912136755558161,0
0.08376090220770593,1,0.4198213021153709,0.01,0.4098213021153709,0
0.08376090220770593,1.046378345737535,0.4392919196128596,0.01,0.4292919196128596,0
0.08376090220770593,1.09490764242842,0.4596655521403702,0.01,0.4496655521403702,0
0.08630438159417855,0.9133190428574209,0.3874663651457578,0.01,0.3774663651457578,0
0.08630438159417855,0.9556772691957369,0.4054364141901538,0.01,0.3954364141901538,0
0.08630438159417855,1,0.4242398843820511,0.01,0.4142398843820511,0
0.08630438159417855,1.046378345737535,0.4439154284155737,0.01,0.4339154284155737,0
0.08630438159417855,1.09490764242842,0.4645034916328571,0.01,0.4545034916328571,0
0.08884786098065117,0.9133190428574209,0.3914253554835391,0.01,0.3814253554835391,0
0.08884786098065117,0.9556772691957369,0.4095790159505922,0.01,0.3995790159505921,0
0.08884786098065117,1,0.428574613159188,0.01,0.418574613159188,0
0.08884786098065117,1.046378345737535,0.4484511947426151,0.01,0.4384511947426151,0
0.08884786098065117,1.09490764242842,0.4692496192987987,0.01,0.4592496192987987,0
0.09139134036712379,0.9133190428574209,0.3953113458693374,0.01,0.3853113458693374,0
0.09139134036712379,0.9556772691957369,0.4136452321420358,0.01,0.4036452321420358,0
0.09139134036712379,1,0.432829413731002,0.01,0.422829413731002,0
0.09139134036712379,1.046378345737535,0.452903325926393,0.01,0.442903325926393,0
0.09139134036712379,1.09490764242842,0.4739082329618867,0.01,0.4639082329618867,0
0.09393481975359641,0.9133190428574209,0.399127659224233,0.01,0.389127659224233,0
0.09393481975359641,0.9556772691957369,0.4176385397971476,0.01,0.4076385397971476,0
0.09393481975359641,1,0.4370079243891789,0.01,0.4270079243891789,0
0.09393481975359641,1.046378345737535,0.4572756289965427,0.01,0.4472756289965427,0
0.09393481975359641,1.09490764242842,0.4784833162154931,0.01,0.4684833162154931,0
0.09647829914006903,0.9133190428574209,0.4028773820430137,0.01,0.3928773820430136,0
0.09647829914006903,0.9556772691957369,0.4215621685572375,0.01,0.4115621685572375,0
0.09647829914006903,1,0.44111352456045,0.01,0.43111352456045,0
0.09647829914006903,1.046378345737535,0.4615716401120171,0.01,0.4515716401120171,0
0.09647829914006903,1.09490764242842,0.4829785692197733,0.01,0.4729785692197733,0
0.09902177852654165,0.9133190428574209,0.4065633869596896,0.01,0.3965633869596896,0
0.09902177852654165,0.9556772691957369,0.4254191242843293,0.01,0.4154191242843293,0
0.09902177852654165,1,0.4451493595137472,0.01,0.4351493595137472,0
0.09902177852654165,1.046378345737535,0.465794650414118,0.01,0.455794650414118,0
0.09902177852654165,1.09490764242842,0.4873974357537182,0.01,0.4773974357537182,0
0.1015652579130143,0.9133190428574209,0.4101883526389201,0.01,0.4001883526389201,0
0.1015652579130143,0.9556772691957369,0.4292122098751179,0.01,0.4192122098751179,0
0.1015652579130143,1,0.4491183621394775,0.01,0.4391183621394775,0
0.1015652579130143,1.046378345737535,0.4699477288158576,0.01,0.4599477288158575,0
0.1015652579130143,1.09490764242842,0.4917431270614487,0.01,0.4817431270614487,0
0.1041087372994869,0.9133190428574209,0.4137547813688421,0.01,0.4037547813688421,0
0.1041087372994869,0.9556772691957369,0.4329440436697244,0.01,0.4229440436697244,0
0.1041087372994869,1,0.4530232722120453,0.01,0.4430232722120453,0
0.1041087372994869,1.046378345737535,0.4740337421578449,0.01,0.4640337421578449,0
0.1041087372994869,1.09490764242842,0.4960186429428989,0.01,0.4860186429428989,0
0.1066522166859595,0.9133190428574209,0.41726501467024,0.01,0.40726501467024,0
0.1066522166859595,0.9556772691957369,0.4366170757847939,0.01,0.4266170757847939,0
0.1066522166859595,1,0.4568666534804526,0.01,0.4468666534804526,0
0.1066522166859595,1.046378345737535,0.4780553730915195,0.01,0.4680553730915195,0
0.1066522166859595,1.09490764242842,0.5002267904664442,0.01,0.4902267904664442,0
0.1091956960724321,0.9133190428574209,0.4207212471874041,0.01,0.410721247187404,0
0.1091956960724321,0.9556772691957369,0.4402336026485884,0.01,0.4302336026485884,0
0.1091956960724321,1,0.4606509088775052,0.01,0.4506509088775052,0
0.1091956960724321,1.046378345737535,0.4820151359937358,0.01,0.4720151359937358,0
0.1091956960724321,1.09490764242842,0.5043702006215782,0.01,0.4943702006215782,0
0.1117391754589047,0.9133190428574209,0.4241255390852127,0.01,0.4141255390852127,0
0.1117391754589047,0.9556772691957369,0.4437957799730251,0.01,0.4337957799730251,0
0.1117391754589047,1,0.464378294093473,0.01,0.454378294093473,0
0.1117391754589047,1.046378345737535,0.4859153911699468,0.01,0.4759153911699467,0
0.1117391754589047,1.09490764242842,0.5084513431808161,0.01,0.4984513431808161,0
0.1142826548453774,0.9133190428574209,0.4274798271432176,0.01,0.4174798271432176,0
0.1142826548453774,0.9556772691957369,0.4473056343622874,0.01,0.4373056343622874,0
0.1142826548453774,1,0.468050929723089,0.01,0.458050929723089,0
0.1142826548453774,1.046378345737535,0.489758357564561,0.01,0.479758357564561,0
0.1142826548453774,1.09490764242842,0.5124725399995375,0.01,0.5024725399995374,0
0.11682613423185,0.9133190428574209,0.4307859347094681,0.01,0.4207859347094681,0
0.11682613423185,0.9556772691957369,0.4507650737282909,0.01,0.4407650737282909,0
0.11682613423185,1,0.471670812164067,0.01,0.461670812164067,0
0.11682613423185,1.046378345737535,0.493546124164916,0.01,0.483546124164916,0
0.11682613423185,1.09490764242842,0.5164359769488568,0.01,0.5064359769488568,0
0.1193696136183226,0.9133190428574209,0.4340455806534014,0.01,0.4240455806534014,0
0.1193696136183226,0.9556772691957369,0.4541758966587939,0.01,0.4441758966587939,0
0.1193696136183226,1,0.4752398234196904,0.01,0.4652398234196904,0
0.1193696136183226,1.046378345737535,0.4972806602584938,0.01,0.4872806602584938,0
0.1193696136183226,1.09490764242842,0.5203437146485519,0.01,0.5103437146485519,0
0.1219130930047952,0.9133190428574209,0.4372603874375151,0.01,0.427260387437515,0
0.1219130930047952,0.9556772691957369,0.4575398008634206,0.01,0.4475398008634206,0
0.1219130930047952,1,0.4787597399365472,0.01,0.4687597399365472,0
0.1219130930047952,1.046378345737535,0.5009638246805367,0.01,0.4909638246805367,0
0.1219130930047952,1.09490764242842,0.5241976981435684,0.01,0.5141976981435684,0
0.1244565723912678,0.9133190428574209,0.4404318884110303,0.01,0.4304318884110303,0
0.1244565723912678,0.9556772691957369,0.4608583908055925,0.01,0.4508583908055925,0
0.1244565723912678,1,0.4822322405904182,0.01,0.4722322405904182,0
0.1244565723912678,1.046378345737535,0.5045973741703067,0.01,0.4945973741703067,0
0.1244565723912678,1.09490764242842,0.5279997656478295,0.01,0.5179997656478295,0
0.1270000517777405,0.9133190428574209,0.4435615344148186,0.01,0.4335615344148186,0
0.1270000517777405,0.9556772691957369,0.4641331846137806,0.01,0.4541331846137805,0
0.1270000517777405,1,0.4856589139180616,0.01,0.4756589139180616,0
0.1270000517777405,1.046378345737535,0.5081829709382691,0.01,0.4981829709382691,0
0.1270000517777405,1.09490764242842,0.5317516564623719,0.01,0.5217516564623719,0
0.1295435311642131,0.9133190428574209,0.4466506997750446,0.01,0.4366506997750446,0
0.1295435311642131,0.9556772691957369,0.4673656203531236,0.01,0.4573656203531236,0
0.1295435311642131,1,0.4890412646796982,0.01,0.4790412646796982,0
0.1295435311642131,1.046378345737535,0.5117221895329346,0.01,0.5017221895329346,0
0.1295435311642131,1.09490764242842,0.5354550181606613,0.01,0.5254550181606613,0
0.1320870105506857,0.9133190428574209,0.4497006877529284,0.01,0.4397006877529284,0
0.1320870105506857,0.9556772691957369,0.470557061727941,0.01,0.460557061727941,0
0.1320870105506857,1,0.492380719825998,0.01,0.482380719825998,0
0.1320870105506857,1.046378345737535,0.5152165230845843,0.01,0.5052165230845843,0
0.1320870105506857,1.09490764242842,0.5391114131218918,0.01,0.5291114131218918,0
0.1346304899371583,0.9133190428574209,0.4527127355094479,0.01,0.4427127355094478,0
0.1346304899371583,0.9556772691957369,0.4737088032766902,0.01,0.4637088032766902,0
0.1346304899371583,1,0.4956786339339705,0.01,0.4856786339339705,0
0.1346304899371583,1.046378345737535,0.5186673889932691,0.01,0.5086673889932691,0
0.1346304899371583,1.09490764242842,0.5427223244827835,0.01,0.5327223244827834,0
0.1371739693236309,0.9133190428574209,0.4556880186364561,0.01,0.4456880186364561,0
0.1371739693236309,0.9556772691957369,0.47682207511323,0.01,0.46682207511323,0
0.1371739693236309,1,0.4989362941681202,0.01,0.4889362941681202,0
0.1371739693236309,1.046378345737535,0.5220761341200537,0.01,0.5120761341200537,0
0.1371739693236309,1.09490764242842,0.5462891615695892,0.01,0.5362891615695892,0
0.1397174487101036,0.9133190428574209,0.4586276552993769,0.01,0.4486276552993769,0
0.1397174487101036,0.9556772691957369,0.4798980472616465,0.01,0.4698980472616465,0
0.1397174487101036,1,0.502154924816315,0.01,0.492154924816315,0
0.1397174487101036,1.046378345737535,0.5254440395332518,0.01,0.5154440395332518,0
0.1397174487101036,1.09490764242842,0.5498132648644519,0.01,0.5398132648644519,0
0.1422609280965762,0.9133190428574209,0.4615327100312048,0.01,0.4515327100312048,0
0.1422609280965762,0.9556772691957369,0.4829378336262135,0.01,0.4729378336262135,0
0.1422609280965762,1,0.5053356914438661,0.01,0.4953356914438661,0
0.1422609280965762,1.046378345737535,0.528772324855166,0.01,0.518772324855166,0
0.1422609280965762,1.09490764242842,0.5532959105537391,0.01,0.543295910553739,0
0.1448044074830488,0.9133190428574209,0.464404197212839,0.01,0.454404197212839,0
0.1448044074830488,0.9556772691957369,0.4859424956331385,0.01,0.4759424956331385,0
0.1448044074830488,1,0.5084797047041727,0.01,0.4984797047041727,0
0.1448044074830488,1.046378345737535,0.5320621522494624,0.01,0.5220621522494624,0
0.1448044074830488,1.09490764242842,0.556738314700345,0.01,0.546738314700345,0
0.1473478868695214,0.9133190428574209,0.4672430842707113,0.01,0.4572430842707113,0
0.1473478868695214,0.9556772691957369,0.4889130455764905,0.01,0.4789130455764905,0
0.1473478868695214,1,0.5115880238398282,0.01,0.5015880238398281,0
0.1473478868695214,1.046378345737535,0.535314630084654,0.01,0.525314630084654,0
0.1473478868695214,1.09490764242842,0.5601416370770806,0.01,0.5501416370770806,0
0.149891366255994,0.9133190428574209,0.4700502946191304,0.01,0.4600502946191304,0
0.149891366255994,0.9556772691957369,0.4918504496970066,0.01,0.4818504496970066,0
0.149891366255994,1,0.5146616599042164,0.01,0.5046616599042164,0
0.149891366255994,1.046378345737535,0.5385308163051078,0.01,0.5285308163051078,0
0.149891366255994,1.09490764242842,0.5635069846940229,0.01,0.5535069846940229,0
0.1524348456424666,0.9133190428574209,0.4728267103716923,0.01,0.4628267103716923,0
0.1524348456424666,0.9556772691957369,0.4947556310192519,0.01,0.4847556310192519,0
0.1524348456424666,1,0.517701578730255,0.01,0.507701578730255,0
0.1524348456424666,1.046378345737535,0.5417117215374744,0.01,0.5317117215374744,0
0.1524348456424666,1.09490764242842,0.5668354150490146,0.01,0.5568354150490146,0
0.1549783250289393,0.9133190428574209,0.4755731748434112,0.01,0.4655731748434112,0
0.1549783250289393,0.9556772691957369,0.4976294719697961,0.01,0.4876294719697961,0
0.1549783250289393,1,0.5207087036699982,0.01,0.5107087036699982,0
0.1549783250289393,1.046378345737535,0.544858311957349,0.01,0.534858311957349,0
0.1549783250289393,1.09490764242842,0.5701279391272766,0.01,0.5601279391272765,0
0.1575218044154119,0.9133190428574209,0.4782904948628817,0.01,0.4682904948628817,0
0.1575218044154119,0.9556772691957369,0.500472816796609,0.01,0.490472816796609,0
0.1575218044154119,1,0.5236839181262402,0.01,0.5136839181262401,0
0.1575218044154119,1.046378345737535,0.5479715119382859,0.01,0.5379715119382859,0
0.1575218044154119,1.09490764242842,0.5733855241732794,0.01,0.5633855241732794,0
0.1600652838018845,0.9133190428574209,0.480979442911712,0.01,0.470979442911712,0
0.1600652838018845,0.9556772691957369,0.5032864738077183,0.01,0.4932864738077183,0
0.1600652838018845,1,0.5266280678949975,0.01,0.5166280678949975,0
0.1600652838018845,1.046378345737535,0.5510522065029216,0.01,0.5410522065029216,0
0.1600652838018845,1.09490764242842,0.5766090962555457,0.01,0.5666090962555457,0
0.1626087631883571,0.9133190428574209,0.4836407591066638,0.01,0.4736407591066638,0
0.1626087631883571,0.9556772691957369,0.5060712174452765,0.01,0.4960712174452765,0
0.1626087631883571,1,0.5295419633357688,0.01,0.5195419633357687,0
0.1626087631883571,1.046378345737535,0.554101243593888,0.01,0.544101243593888,0
0.1626087631883571,1.09490764242842,0.5797995426428835,0.01,0.5697995426428835,0
0.1651522425748297,0.9133190428574209,0.486275153038327,0.01,0.476275153038327,0
0.1651522425748297,0.9556772691957369,0.5088277902095113,0.01,0.4988277902095113,0
0.1651522425748297,1,0.5324263813847139,0.01,0.5224263813847139,0
0.1651522425748297,1.046378345737535,0.5571194361803588,0.01,0.5471194361803587,0
0.1651522425748297,1.09490764242842,0.5829577140086319,0.01,0.5729577140086319,0
0.1676957219613024,0.9133190428574209,0.4888833054787574,0.01,0.4788833054787573,0
0.1676957219613024,0.9556772691957369,0.5115569044455601,0.01,0.5015569044455601,0
0.1676957219613024,1,0.5352820674243594,0.01,0.5252820674243593,0
0.1676957219613024,1.046378345737535,0.5601075642144687,0.01,0.5501075642144687,0
0.1676957219613024,1.09490764242842,0.5860844264778159,0.01,0.5760844264778159,0
0.170239201347775,0.9133190428574209,0.4914658699692502,0.01,0.4814658699692502,0
0.170239201347775,0.9556772691957369,0.5142592440048824,0.01,0.5042592440048824,0
0.170239201347775,1,0.5381097370220642,0.01,0.5281097370220642,0
0.170239201347775,1.046378345737535,0.5630663764504075,0.01,0.5530663764504075,0
0.170239201347775,1.09490764242842,0.5891804635306055,0.01,0.5791804635306055,0
0.1727826807342476,0.9133190428574209,0.4940234742983227,0.01,0.4840234742983227,0
0.1727826807342476,0.9556772691957369,0.5169354657917885,0.01,0.5069354657917885,0
0.1727826807342476,1,0.5409100775482737,0.01,0.5309100775482737,0
0.1727826807342476,1.046378345737535,0.5659965921377244,0.01,0.5559965921377243,0
0.1727826807342476,1.09490764242842,0.5922465777741542,0.01,0.5822465777741542,0
0.1753261601207202,0.9133190428574209,0.4965567218789942,0.01,0.4865567218789942,0
0.1753261601207202,0.9556772691957369,0.5195862012045952,0.01,0.5095862012045952,0
0.1753261601207202,1,0.5436837496845143,0.01,0.5336837496845143,0
0.1753261601207202,1.046378345737535,0.568898902599262,0.01,0.558898902599262,0
0.1753261601207202,1.09490764242842,0.5952834925937148,0.01,0.5852834925937148,0
0.1778696395071928,0.9133190428574209,0.4990661930335811,0.01,0.4890661930335811,0
0.1778696395071928,0.9556772691957369,0.5222120574800079,0.01,0.5122120574800079,0
0.1778696395071928,1,0.5464313888301251,0.01,0.5364313888301251,0
0.1778696395071928,1.046378345737535,0.57177397270313,0.01,0.56177397270313,0
0.1778696395071928,1.09490764242842,0.5982919036928795,0.01,0.5882919036928795,0
0.1804131188936655,0.9133190428574209,0.501552446193444,0.01,0.491552446193444,0
0.1804131188936655,0.9556772691957369,0.52481361894851,0.01,0.51481361894851,0
0.1804131188936655,1,0.5491536064158709,0.01,0.5391536064158708,0
0.1804131188936655,1.046378345737535,0.5746224422372402,0.01,0.5646224422372402,0
0.1804131188936655,1.09490764242842,0.6012724805318657,0.01,0.5912724805318657,0
0.1829565982801381,0.9133190428574209,0.5040160190204346,0.01,0.4940160190204346,0
0.1829565982801381,0.9556772691957369,0.5273914482078202,0.01,0.5173914482078202,0
0.1829565982801381,1,0.5518509911318218,0.01,0.5418509911318218,0
0.1829565982801381,1.046378345737535,0.5774449271941346,0.01,0.5674449271941346,0
0.1829565982801381,1.09490764242842,0.60422586767193,0.01,0.59422586767193,0
0.1855000776666107,0.9133190428574209,0.5064574294561618,0.01,0.4964574294561618,0
0.1855000776666107,0.9556772691957369,0.5299460872208229,0.01,0.5199460872208229,0
0.1855000776666107,1,0.5545241100762041,0.01,0.544524110076204,0
0.1855000776666107,1.046378345737535,0.5802420209731171,0.01,0.570242020973117,0
0.1855000776666107,1.09490764242842,0.6071526860332543,0.01,0.5971526860332543,0
0.1880435570530833,0.9133190428574209,0.5088771767046492,0.01,0.4988771767046492,0
0.1880435570530833,0.9556772691957369,0.532478058343798,0.01,0.522478058343798,0
0.1880435570530833,1,0.557173509831318,0.01,0.547173509831318,0
0.1880435570530833,1.046378345737535,0.5830142955060706,0.01,0.5730142955060706,0
0.1880435570530833,1.09490764242842,0.6100535340729765,0.01,0.6000535340729765,0
0.1905870364395559,0.9133190428574209,0.5112757421534483,0.01,0.5012757421534483,0
0.1905870364395559,0.9556772691957369,0.5349878652902557,0.01,0.5249878652902557,0
0.1905870364395559,1,0.5597997174720729,0.01,0.5497997174720729,0
0.1905870364395559,1.046378345737535,0.585762302312767,0.01,0.575762302312767,0
0.1905870364395559,1.09490764242842,0.612928988889443,0.01,0.602928988889443,0
0.1931305158260286,0.9133190428574209,0.5136535902378329,0.01,0.5036535902378328,0
0.1931305158260286,0.9556772691957369,0.5374759940352092,0.01,0.5274759940352092,0
0.1931305158260286,1,0.5624032415121993,0.01,0.5524032415121993,0
0.1931305158260286,1.046378345737535,0.5884865734909625,0.01,0.5784865734909624,0
0.1931305158260286,1.09490764242842,0.6157796072582236,0.01,0.6057796072582236,0
0.1956739952125012,0.9133190428574209,0.516011169252289,0.01,0.506011169252289,0
0.1956739952125012,0.9556772691957369,0.5399429136643012,0.01,0.5299429136643012,0
0.1956739952125012,1,0.5649845727927562,0.01,0.5549845727927561,0
0.1956739952125012,1.046378345737535,0.591187622646112,0.01,0.581187622646112,0
0.1956739952125012,1.09490764242842,0.6186059266049447,0.01,0.6086059266049447,0
0.1982174745989738,0.9133190428574209,0.5183489121131574,0.01,0.5083489121131574,0
0.1982174745989738,0.9556772691957369,0.5423890771718165,0.01,0.5323890771718165,0
0.1982174745989738,1,0.5675441853171534,0.01,0.5575441853171534,0
0.1982174745989738,1.046378345737535,0.59386594576512,0.01,0.58386594576512,0
0.1982174745989738,1.09490764242842,0.6214084659195629,0.01,0.6114084659195629,0
0.2007609539854464,0.9133190428574209,0.5206672370759546,0.01,0.5106672370759546,0
0.2007609539854464,0.9556772691957369,0.5448149222112703,0.01,0.5348149222112702,0
0.2007609539854464,1,0.5700825370365528,0.01,0.5600825370365528,0
0.2007609539854464,1.046378345737535,0.5965220220381651,0.01,0.5865220220381651,0
0.2007609539854464,1.09490764242842,0.6241877266163045,0.01,0.6141877266163045,0
0.203304433371919,0.9133190428574209,0.5229665484106049,0.01,0.5129665484106049,0
0.203304433371919,0.9556772691957369,0.5472208718019572,0.01,0.5372208718019572,0
0.203304433371919,1,0.5726000705891836,0.01,0.5626000705891836,0
0.203304433371919,1.046378345737535,0.5991563146323057,0.01,0.5891563146323057,0
0.203304433371919,1.09490764242842,0.62694419334315,0.01,0.61694419334315,0
0.2058479127583916,0.9133190428574209,0.5252472370375447,0.01,0.5152472370375447,0
0.2058479127583916,0.9556772691957369,0.5496073349945569,0.01,0.5396073349945569,0
0.2058479127583916,1,0.5750972139968197,0.01,0.5650972139968197,0
0.2058479127583916,1.046378345737535,0.6017692714202573,0.01,0.5917692714202573,0
0.2058479127583916,1.09490764242842,0.6296783347444105,0.01,0.6196783347444105,0
0.2083913921448643,0.9133190428574209,0.5275096811274238,0.01,0.5175096811274238,0
0.2083913921448643,0.9556772691957369,0.5519747074986483,0.01,0.5419747074986483,0
0.2083913921448643,1,0.5775743813213953,0.01,0.5675743813213953,0
0.2083913921448643,1.046378345737535,0.6043613256674617,0.01,0.5943613256674617,0
0.2083913921448643,1.09490764242842,0.6323906041796622,0.01,0.6223906041796622,0
0.2109348715313369,0.9133190428574209,0.5297542466668989,0.01,0.5197542466668988,0
0.2109348715313369,0.9556772691957369,0.5543233722747436,0.01,0.5443233722747436,0
0.2109348715313369,1,0.580031973284498,0.01,0.570031973284498,0
0.2109348715313369,1.046378345737535,0.606932896680311,0.01,0.596932896680311,0
0.2109348715313369,1.09490764242842,0.635081440402034,0.01,0.6250814404020339,0
0.2134783509178095,0.9133190428574209,0.5319812879928265,0.01,0.5219812879928265,0
0.2134783509178095,0.9556772691957369,0.556653700093257,0.01,0.546653700093257,0
0.2134783509178095,1,0.5824703778522601,0.01,0.5724703778522601,0
0.2134783509178095,1.046378345737535,0.6094843904181647,0.01,0.5994843904181647,0
0.2134783509178095,1.09490764242842,0.6377512681986092,0.01,0.6277512681986092,0
0.2160218303042821,0.9133190428574209,0.5341911482969706,0.01,0.5241911482969706,0
0.2160218303042821,0.9556772691957369,0.5589660500626182,0.01,0.5489660500626182,0
0.2160218303042821,1,0.5848899707879666,0.01,0.5748899707879666,0
0.2160218303042821,1.046378345737535,0.6120162000715875,0.01,0.6020162000715875,0
0.2160218303042821,1.09490764242842,0.64040049899548,0.01,0.63040049899548,0
0.2185653096907547,0.9133190428574209,0.53638416010318,0.01,0.52638416010318,0
0.2185653096907547,0.9556772691957369,0.5612607701285827,0.01,0.5512607701285827,0
0.2185653096907547,1,0.5872911161745211,0.01,0.5772911161745211,0
0.2185653096907547,1.046378345737535,0.6145287066090458,0.01,0.6045287066090458,0
0.2185653096907547,1.09490764242842,0.6430295314298003,0.01,0.6330295314298003,0
0.2211087890772274,0.9133190428574209,0.5385606457188412,0.01,0.5285606457188412,0
0.2211087890772274,0.9556772691957369,0.5635381975466197,0.01,0.5535381975466197,0
0.2211087890772274,1,0.5896741669087441,0.01,0.5796741669087441,0
0.2211087890772274,1.046378345737535,0.6170222792941307,0.01,0.6070222792941307,0
0.2211087890772274,1.09490764242842,0.6456387518909956,0.01,0.6356387518909956,0
0.2236522684637,0.9133190428574209,0.5407209176622678,0.01,0.5307209176622678,0
0.2236522684637,0.9556772691957369,0.5657986593291257,0.01,0.5557986593291256,0
0.2236522684637,1,0.5920394651693256,0.01,0.5820394651693256,0
0.2236522684637,1.046378345737535,0.6194972761752138,0.01,0.6094972761752138,0
0.2236522684637,1.09490764242842,0.648228535033129,0.01,0.638228535033129,0
0.2261957478501726,0.9133190428574209,0.5428652790675733,0.01,0.5328652790675733,0
0.2261957478501726,0.9556772691957369,0.5680424726690726,0.01,0.5580424726690726,0
0.2261957478501726,1,0.5943873428601231,0.01,0.5843873428601231,0
0.2261957478501726,1.046378345737535,0.6219540445493045,0.01,0.6119540445493045,0
0.2261957478501726,1.09490764242842,0.6507992442602704,0.01,0.6407992442602704,0
0.2287392272366452,0.9133190428574209,0.5449940240684468,0.01,0.5349940240684468,0
0.2287392272366452,0.9556772691957369,0.5702699453415836,0.01,0.5602699453415836,0
0.2287392272366452,1,0.5967181220303607,0.01,0.5867181220303607,0
0.2287392272366452,1.046378345737535,0.6243929214017373,0.01,0.6143929214017373,0
0.2287392272366452,1.09490764242842,0.6533512321865765,0.01,0.6433512321865765,0
0.2312827066231178,0.9133190428574209,0.5471074381621567,0.01,0.5371074381621567,0
0.2312827066231178,0.9556772691957369,0.5724813760848182,0.01,0.5624813760848182,0
0.2312827066231178,1,0.5990321152731797,0.01,0.5890321152731797,0
0.2312827066231178,1.046378345737535,0.626814233823206,0.01,0.616814233823206,0
0.2312827066231178,1.09490764242842,0.6558848410726668,0.01,0.6458848410726667,0
0.2338261860095905,0.9133190428574209,0.5492057985550053,0.01,0.5392057985550053,0
0.2338261860095905,0.9556772691957369,0.5746770549614483,0.01,0.5646770549614483,0
0.2338261860095905,1,0.6013296261038786,0.01,0.5913296261038786,0
0.2338261860095905,1.046378345737535,0.6292182994055469,0.01,0.6192182994055468,0
0.2338261860095905,1.09490764242842,0.6584004032397611,0.01,0.6484004032397611,0
0.2363696653960631,0.9133190428574209,0.5512893744903677,0.01,0.5412893744903677,0
0.2363696653960631,0.9556772691957369,0.5768572637019114,0.01,0.5668572637019114,0
0.2363696653960631,1,0.603610949319087,0.01,0.593610949319087,0
0.2363696653960631,1.046378345737535,0.6316054266175692,0.01,0.6216054266175692,0
0.2363696653960631,1.09490764242842,0.6608982414629421,0.01,0.6508982414629421,0
0.2389131447825357,0.9133190428574209,0.5533584275603767,0.01,0.5433584275603767,0
0.2389131447825357,0.9556772691957369,0.5790222760305506,0.01,0.5690222760305506,0
0.2389131447825357,1,0.6058763713380297,0.01,0.5958763713380297,0
0.2389131447825357,1.046378345737535,0.6339759151621479,0.01,0.6239759151621479,0
0.2389131447825357,1.09490764242842,0.6633786693448082,0.01,0.6533786693448081,0
0.2414566241690083,0.9133190428574209,0.5554132120022257,0.01,0.5454132120022257,0
0.2414566241690083,0.9556772691957369,0.5811723579756597,0.01,0.5711723579756597,0
0.2414566241690083,1,0.6081261705269533,0.01,0.5981261705269533,0
0.2414566241690083,1.046378345737535,0.6363300563156954,0.01,0.6263300563156954,0
0.2414566241690083,1.09490764242842,0.6658419916706898,0.01,0.6558419916706898,0
0.2440001035554809,0.9133190428574209,0.55745397498001,0.01,0.54745397498001,0
0.2440001035554809,0.9556772691957369,0.5833077681643961,0.01,0.5733077681643961,0
0.2440001035554809,1,0.6103606175077143,0.01,0.6003606175077143,0
0.2440001035554809,1.046378345737535,0.6386681332510623,0.01,0.6286681332510623,0
0.2440001035554809,1.09490764242842,0.6682885047465261,0.01,0.6582885047465261,0
0.2465435829419536,0.9133190428574209,0.5594809568529496,0.01,0.5494809568529496,0
0.2465435829419536,0.9556772691957369,0.5854287581034425,0.01,0.5754287581034425,0
0.2465435829419536,1,0.6125799754514597,0.01,0.6025799754514597,0
0.2465435829419536,1.046378345737535,0.6409904213448381,0.01,0.6309904213448381,0
0.2465435829419536,1.09490764242842,0.6707184967204172,0.01,0.6607184967204172,0
0.2490870623284262,0.9133190428574209,0.5614943914307878,0.01,0.5514943914307878,0
0.2490870623284262,0.9556772691957369,0.5875355724462517,0.01,0.5775355724462516,0
0.2490870623284262,1,0.6147845003582644,0.01,0.6047845003582644,0
0.2490870623284262,1.046378345737535,0.6432971884699575,0.01,0.6332971884699575,0
0.2490870623284262,1.09490764242842,0.6731322478888014,0.01,0.6631322478888014,0
0.2516305417148988,0.9133190428574209,0.5634945062171025,0.01,0.5534945062171025,0
0.2516305417148988,0.9556772691957369,0.5896284492476409,0.01,0.5796284492476409,0
0.2516305417148988,1,0.6169744413235345,0.01,0.6069744413235345,0
0.2516305417148988,1.046378345737535,0.6455886952744598,0.01,0.6355886952744598,0
0.2516305417148988,1.09490764242842,0.6755300309881428,0.01,0.6655300309881428,0
0.2541740211013714,0.9133190428574209,0.5654815226412172,0.01,0.5554815226412172,0
0.2541740211013714,0.9556772691957369,0.5917076202064593,0.01,0.5817076202064593,0
0.2541740211013714,1,0.6191500407919285,0.01,0.6091500407919285,0
0.2541740211013714,1.046378345737535,0.6478651954471853,0.01,0.6378651954471853,0
0.2541740211013714,1.09490764242842,0.6779121114729505,0.01,0.6679121114729505,0
0.256717500487844,0.9133190428574209,0.5674556562793559,0.01,0.5574556562793559,0
0.256717500487844,0.9556772691957369,0.5937733108969997,0.01,0.5837733108969997,0
0.256717500487844,1,0.6213115347995015,0.01,0.6113115347995015,0
0.256717500487844,1.046378345737535,0.6501269359711512,0.01,0.6401269359711512,0
0.256717500487844,1.09490764242842,0.6802787477809055,0.01,0.6702787477809055,0
0.2592609798743166,0.9133190428574209,0.5694171170656405,0.01,0.5594171170656405,0
0.2592609798743166,0.9556772691957369,0.5958257409897811,0.01,0.5858257409897811,0
0.2592609798743166,1,0.6234591532047281,0.01,0.6134591532047281,0
0.2592609798743166,1.046378345737535,0.6523741573652877,0.01,0.6423741573652877,0
0.2592609798743166,1.09490764242842,0.6826301915858081,0.01,0.6726301915858081,0
0.2618044592607893,0.9133190428574209,0.5713661094934933,0.01,0.5613661094934933,0
0.2618044592607893,0.9556772691957369,0.5978651244622928,0.01,0.5878651244622928,0
0.2618044592607893,1,0.6255931199090193,0.01,0.6155931199090193,0
0.2618044592607893,1.046378345737535,0.6546070939151829,0.01,0.6446070939151829,0
0.2618044592607893,1.09490764242842,0.6849666880390243,0.01,0.6749666880390243,0
