0.01,0.9133190428574209,0.1822311067756859,0.06086958772945238,0.1213615190462335,21,-35.27724049366304
0.01,0.9556772691957369,0.1906826840498623,0.06595654650239761,0.1247261375474647,23,-35.03131311900302
0.01,1,0.199526231496888,0.06850002588887023,0.1310262056080178,24,-34.77476462412048
0.01,1.046378345737535,0.2087799280449581,0.07104350527534284,0.1377364227696152,25,-34.51827212280612
0.01,1.09490764242842,0.2184627957308848,0.07358698466181546,0.1448758110690693,26,-34.27230748513651
0.01254347938647262,0.9133190428574209,0.1972735318747671,0.06595654650239761,0.1313169853723695,23,-35.15715281633058
0.01254347938647262,0.9556772691957369,0.2064227519409197,0.07104350527534284,0.1353792466655768,25,-34.9111631889829
0.01254347938647262,1,0.215996297698529,0.07358698466181546,0.1424093130367136,26,-34.65464253962928
0.01254347938647262,1.046378345737535,0.2260138486712189,0.07613046404828808,0.1498833846229309,27,-34.39819906662175
0.01254347938647262,1.09490764242842,0.2364959970863636,0.08121742282123331,0.1552785742651303,29,-34.15225210646688
0.01508695877294524,0.9133190428574209,0.2104423336263654,0.07104350527534284,0.1393988283510226,25,-35.05925409681414
0.01508695877294524,0.9556772691957369,0.2202023009331027,0.07358698466181546,0.1466153162712872,26,-34.8133449232359
0.01508695877294524,1,0.2304149193779788,0.0786739434347607,0.1517409759432181,28,-34.55679966583992
0.01508695877294524,1.046378345737535,0.2411011821719769,0.08121742282123331,0.1598837593507436,29,-34.30037174227482
0.01508695877294524,1.09490764242842,0.2522830561564773,0.08630438159417855,0.1659786745622987,31,-34.0543843234153
0.01763043815941786,0.9133190428574209,0.2222360963089187,0.07613046404828808,0.1461056322606306,27,-34.9766990014141
0.01763043815941786,0.9556772691957369,0.2325430388188938,0.0786739434347607,0.1538690953841331,28,-34.73069859802767
0.01763043815941786,1,0.2433280002720934,0.08376090220770593,0.1595670980643875,30,-34.47431594089489
0.01763043815941786,1.046378345737535,0.2546131503963356,0.08630438159417855,0.168308768802157,31,-34.21778554390731
0.01763043815941786,1.09490764242842,0.2664216871147398,0.09139134036712379,0.175030346747616,33,-33.97185921375404
0.02017391754589047,0.9133190428574209,0.2329695159697104,0.0786739434347607,0.1542955725349497,28,-34.9052665083984
0.02017391754589047,0.9556772691957369,0.2437742567276598,0.08376090220770593,0.1600133545199538,30,-34.65934051824995
0.02017391754589047,1,0.2550801034880857,0.08630438159417855,0.1687757218939072,31,-34.40282659370723
0.02017391754589047,1.046378345737535,0.2669102967184224,0.09139134036712379,0.1755189563512986,33,-34.14641533902767
0.02017391754589047,1.09490764242842,0.2792891547405374,0.09393481975359641,0.185354334986941,34,-33.90042489376481
0.02271739693236309,0.9133190428574209,0.2428555378025758,0.08121742282123331,0.1616381149813425,29,-34.84242099349316
0.02271739693236309,0.9556772691957369,0.2541187758990586,0.08630438159417855,0.1678143943048801,31,-34.59635097768439
0.02271739693236309,1,0.2659043843461043,0.09139134036712379,0.1745130439789805,33,-34.33996456918365
0.02271739693236309,1.046378345737535,0.2782365898164343,0.09393481975359641,0.1843017700628379,34,-34.0834671015182
0.02271739693236309,1.09490764242842,0.2911407425757735,0.09902177852654165,0.1921189640492319,36,-33.83747233473334
0.02526087631883571,0.9133190428574209,0.2520457955411084,0.08630438159417855,0.1657414139469298,31,-34.78611845707997
0.02526087631883571,0.9556772691957369,0.263735262588406,0.08884786098065117,0.1748874016077548,32,-34.54013627413966
0.02526087631883571,1,0.2759668677799106,0.09393481975359641,0.1820320480263142,34,-34.28368060760021
0.02526087631883571,1.046378345737535,0.2887657545859119,0.09902177852654165,0.1897439760593702,36,-34.02725935043385
0.02526087631883571,1.09490764242842,0.3021582325892574,0.1015652579130143,0.2005929746762432,37,-33.78127452869374
0.02780435570530833,0.9133190428574209,0.2606525664225738,0.08884786098065117,0.1718047054419226,32,-34.73526228177333
0.02780435570530833,0.9556772691957369,0.2727412012654957,0.09139134036712379,0.1813498608983719,33,-34.48934491170854
0.02780435570530833,1,0.2853904869946575,0.09647829914006903,0.1889121878545884,35,-34.23283385266401
0.02780435570530833,1.046378345737535,0.2986264256706991,0.1015652579130143,0.1970611677576849,37,-33.97637833811859
0.02780435570530833,1.09490764242842,0.3124762252868191,0.1066522166859595,0.2058240086008596,39,-33.73040490290998
0.03034783509178095,0.9133190428574209,0.2687615971468557,0.09139134036712379,0.1773702567797319,33,-34.68887659874807
0.03034783509178095,0.9556772691957369,0.2812263154203047,0.09647829914006903,0.1847480162802357,35,-34.44294580364551
0.03034783509178095,1,0.2942691267073606,0.09902177852654165,0.195247348180819,36,-34.18648792447443
0.03034783509178095,1.046378345737535,0.307916842005677,0.1041087372994869,0.2038081047061902,38,-33.93001238736019
0.03034783509178095,1.09490764242842,0.3221975157626262,0.1091956960724321,0.2130018196901941,40,-33.68402346522855
0.03289131447825357,0.9133190428574209,0.27644003761572,0.09393481975359641,0.1825052178621236,34,-34.64623654597733
0.03289131447825357,0.9556772691957369,0.2892608692559591,0.09902177852654165,0.1902390907294174,36,-34.40026956578751
0.03289131447825357,1,0.3026763098586518,0.1015652579130143,0.2011110519456375,37,-34.14384401085604
0.03289131447825357,1.046378345737535,0.3167139364038375,0.1066522166859595,0.210061719717878,39,-33.88736657406937
0.03289131447825357,1.09490764242842,0.3314026048462704,0.1117391754589047,0.2196634293873656,41,-33.64138315814946
0.03543479386472619,0.9133190428574209,0.2837415792433,0.09647829914006903,0.1872632801032309,35,-34.60676357523258
0.03543479386472619,0.9556772691957369,0.2969010443055599,0.1015652579130143,0.1953357863925456,37,-34.3607954773321
0.03543479386472619,1,0.3106708235881983,0.1066522166859595,0.2040186069022388,39,-34.10437367225783
0.03543479386472619,1.046378345737535,0.3250792224551365,0.1091956960724321,0.2158835263827044,40,-33.84792621684407
0.03543479386472619,1.09490764242842,0.3401558590262498,0.11682613423185,0.2233297247943998,43,-33.60194523485257
0.0379782732511988,0.9133190428574209,0.2907099109339583,0.09902177852654165,0.1916881324074167,36,-34.57002568098094
0.0379782732511988,0.9556772691957369,0.3041925556925814,0.1041087372994869,0.2000838183930945,38,-34.32407149604735
0.0379782732511988,1,0.3183005032112763,0.1091956960724321,0.2091048071388442,40,-34.06764088708801
0.0379782732511988,1.046378345737535,0.3330627539976402,0.1117391754589047,0.2213235785387354,41,-33.81119290891218
0.0379782732511988,1.09490764242842,0.3485096535548383,0.1193696136183226,0.2291400399365157,44,-33.56520697923299
0.04052175263767142,0.9133190428574209,0.2973811182709303,0.1015652579130143,0.1958158603579161,37,-34.53568535423705
0.04052175263767142,0.9556772691957369,0.3111731625899143,0.1066522166859595,0.2045209459039548,39,-34.28973170266528
0.04052175263767142,1,0.3256048591087515,0.1117391754589047,0.2138656836498468,41,-34.03327842896606
0.04052175263767142,1.046378345737535,0.3407058738383185,0.11682613423185,0.2238797396064685,43,-33.77682578444935
0.04052175263767142,1.09490764242842,0.3565072486500011,0.1219130930047952,0.2345941556452058,45,-33.53082727325779
0.04306523202414404,0.9133190428574209,0.3037853944907919,0.1041087372994869,0.199676657191305,38,-34.50344934266898
0.04306523202414404,0.9556772691957369,0.3178744585464993,0.1091956960724321,0.2086787624740672,40,-34.25748944276003
0.04306523202414404,1,0.3326169500861005,0.1117391754589047,0.2208777746271958,41,-34.001017107899
0.04306523202414404,1.046378345737535,0.3480431739953581,0.11682613423185,0.2312170397635081,43,-33.74457797989596
0.04306523202414404,1.09490764242842,0.3641848406505038,0.1244565723912678,0.239728268259236,46,-33.4985794136922
0.04560871141061666,0.9133190428574209,0.3099482892626086,0.1041087372994869,0.2058395519631218,38,-34.47305169553687
0.04560871141061666,0.9556772691957369,0.3243231781827874,0.1091956960724321,0.2151274821103553,40,-34.22705469818378
0.04560871141061666,1,0.3393647506712448,0.1142826548453774,0.2250820958258675,42,-33.97061398347315
0.04560871141061666,1.046378345737535,0.3551039264090081,0.1219130930047952,0.2331908334042129,45,-33.71416749242537
0.04560871141061666,1.09490764242842,0.3715730590807613,0.1270000517777405,0.2445730073030208,47,-33.46816147099558
0.04815219079708928,0.9133190428574209,0.3158916386968578,0.1066522166859595,0.2092394220108983,39,-34.44426430353016
0.04815219079708928,0.9556772691957369,0.3305421703319371,0.1117391754589047,0.2188029948730324,41,-34.19827714796319
0.04815219079708928,1,0.3458721693884269,0.11682613423185,0.2290460351565769,43,-33.94182438183227
0.04815219079708928,1.046378345737535,0.3619131484413146,0.1219130930047952,0.2400000554365193,45,-33.68538548392951
0.04815219079708928,1.09490764242842,0.3786980815666856,0.1295435311642131,0.2491545504024725,48,-33.43942222310559
0.0506956701835619,0.9133190428574209,0.3216342703375752,0.1091956960724321,0.2124385742651431,40,-34.41697298611944
0.0506956701835619,0.9556772691957369,0.336551135728331,0.1142826548453774,0.2222684808829536,42,-34.17099529664483
0.0506956701835619,1,0.3521598206594996,0.1193696136183226,0.232790207041177,44,-33.91456028253405
0.0506956701835619,1.046378345737535,0.3684924105769141,0.1244565723912678,0.2440358381856463,46,-33.65811139891872
0.0506956701835619,1.09490764242842,0.3855824789963079,0.1320870105506857,0.2534954684456222,49,-33.41214049238998
0.05323914957003452,0.9133190428574209,0.3271925460344252,0.1117391754589047,0.2154533705755205,41,-34.39104491531647
0.05323914957003452,0.9556772691957369,0.3423671950571541,0.11682613423185,0.2255410608253041,43,-34.14506081885327
0.05323914957003452,1,0.3582456191987048,0.1219130930047952,0.2363325261939096,45,-33.88860025287875
0.05323914957003452,1.046378345737535,0.3748604583848597,0.1270000517777405,0.2478604066071192,47,-33.63215130489777
0.05323914957003452,1.09490764242842,0.3922458663271635,0.1320870105506857,0.2601588557764778,49,-33.38619401111066
0.05578262895650714,0.9133190428574209,0.332580785869407,0.1117391754589047,0.2208416104105022,41,-34.36634367401337
0.05578262895650714,0.9556772691957369,0.3480053325421194,0.11682613423185,0.2311791983102694,43,-34.12036988909311
0.05578262895650714,1,0.3641452441732636,0.1244565723912678,0.2396886717819958,46,-33.86390016011971
0.05578262895650714,1.046378345737535,0.3810336982062102,0.1295435311642131,0.2514901670419972,48,-33.60743107512386
0.05578262895650714,1.09490764242842,0.3987054107992694,0.1346304899371583,0.2640749208621111,50,-33.36146175715084
0.05832610834297976,0.9133190428574209,0.3378116033861105,0.1142826548453774,0.2235289485407332,42,-34.34267039892755
0.05832610834297976,0.9556772691957369,0.3534787467221026,0.1193696136183226,0.23410913310378,44,-34.09672264648628
0.05832610834297976,1,0.3698725062484508,0.1244565723912678,0.245415933857183,46,-33.84028658014761
0.05832610834297976,1.046378345737535,0.38702658122205,0.1320870105506857,0.2549395706713643,49,-33.58380518570948
0.05832610834297976,1.09490764242842,0.4049762338155823,0.1371739693236309,0.2678022644919514,51,-33.33781872650088
0.06086958772945238,0.9133190428574209,0.3428961737040783,0.11682613423185,0.2260700394722283,43,-34.3200684065563
0.06086958772945238,0.9556772691957369,0.3587991310002039,0.1219130930047952,0.2368860379954087,45,-34.074082840519
0.06086958772945238,1,0.3754396411480584,0.1270000517777405,0.2484395893703179,47,-33.81762568569764
0.06086958772945238,1.046378345737535,0.392851910628799,0.1320870105506857,0.2607649000781134,49,-33.5612124896199
0.06086958772945238,1.09490764242842,0.4110717323635927,0.1397174487101036,0.2713542836534891,52,-33.31520542460112
0.063413067115925,0.9133190428574209,0.347844450173778,0.1193696136183226,0.2284748365554554,44,-34.29841513428035
0.063413067115925,0.9556772691957369,0.3639769003468202,0.1244565723912678,0.2395203279555523,46,-34.05241252355753
0.063413067115925,1,0.3808575468715813,0.1295435311642131,0.2513140157073682,48,-33.7959407032609
0.063413067115925,1.046378345737535,0.3985210898571409,0.1346304899371583,0.2638905999199826,50,-33.53949788761895
0.063413067115925,1.09490764242842,0.4170038387462346,0.1422609280965762,0.2747429106496584,53,-33.29351684395081
0.06595654650239761,0.9133190428574209,0.3526653410991675,0.1193696136183226,0.2332957274808449,44,-34.27753434861957
0.06595654650239761,0.9556772691957369,0.3690213762183104,0.1244565723912678,0.2445648038270425,46,-34.0315704933241
0.06595654650239761,1,0.3861359771891041,0.1320870105506857,0.2540489666384185,49,-33.77512336679992
0.06595654650239761,1.046378345737535,0.4040443250408813,0.1371739693236309,0.2668703557172504,51,-33.51864749201182
0.06595654650239761,1.09490764242842,0.4227832324409162,0.1448044074830488,0.2779788249578674,54,-33.27269924885322
0.06850002588887023,0.9133190428574209,0.3573668551311859,0.1219130930047952,0.2354537621263907,45,-34.25749585883492
0.06850002588887023,0.9556772691957369,0.3739409386935956,0.1270000517777405,0.2469408869158552,47,-34.01148658230645
0.06850002588887023,1,0.3912837008337455,0.1320870105506857,0.2591966902830598,49,-33.75506320185249
0.06850002588887023,1.046378345737535,0.4094307915924751,0.1397174487101036,0.2697133428823716,52,-33.49860454720086
0.06850002588887023,1.09490764242842,0.4284195144005435,0.1448044074830488,0.2836151069174948,54,-33.2526261287899
0.07104350527534284,0.9133190428574209,0.3619562218336907,0.1219130930047952,0.2400431288288955,45,-34.23819180319727
0.07104350527534284,0.9556772691957369,0.3787431526317456,0.1295435311642131,0.2491996214675325,48,-33.99220481260979
0.07104350527534284,1,0.3963086335102246,0.1346304899371583,0.2616781435730663,50,-33.73573360475628
0.07104350527534284,1.046378345737535,0.4146887723339318,0.1397174487101036,0.2749713236238283,52,-33.47929743467797
0.07104350527534284,1.09490764242842,0.4339213515907088,0.1473478868695214,0.2865734647211874,55,-33.23330139874435
0.07358698466181546,0.9133190428574209,0.3664399923913898,0.1244565723912678,0.241983420000122,46,-34.21951698535161
0.07358698466181546,0.9556772691957369,0.3834348730505774,0.1295435311642131,0.2538913418863643,48,-33.97355269288904
0.07358698466181546,1,0.4012179481607449,0.1371739693236309,0.2640439788371139,51,-33.71710864403436
0.07358698466181546,1.046378345737535,0.4198257728766482,0.1422609280965762,0.277564844780072,53,-33.46064459732977
0.07358698466181546,1.09490764242842,0.4392965977206492,0.149891366255994,0.2894052314646552,56,-33.21466509569679
0.07613046404828808,0.9133190428574209,0.3708241242984502,0.1270000517777405,0.2438240725207098,47,-34.20153488792001
0.07613046404828808,0.9556772691957369,0.3880223337429824,0.1320870105506857,0.2559353231922967,49,-33.95553250967654
0.07613046404828808,1,0.4060181676911996,0.1371739693236309,0.2688441983675687,51,-33.69909229622801
0.07613046404828808,1.046378345737535,0.4248486186481024,0.1448044074830488,0.2800442111650536,54,-33.44263219800751
0.07613046404828808,1.09490764242842,0.4445523947698782,0.149891366255994,0.2946610285138842,56,-33.19666734688082
0.0786739434347607,0.9133190428574209,0.3751140530218805,0.1270000517777405,0.24811400124414,47,-34.18409351591861
0.0786739434347607,0.9556772691957369,0.3925112222639373,0.1320870105506857,0.2604242117132516,49,-33.93814539351452
0.0786739434347607,1,0.4107152434359566,0.1397174487101036,0.270997794725853,52,-33.68166278099424
0.0786739434347607,1.046378345737535,0.4297635369957051,0.1448044074830488,0.2849591295126563,54,-33.425233920964
0.0786739434347607,1.09490764242842,0.4496952588998778,0.1524348456424666,0.2972604132574111,57,-33.17924192662779
0.08121742282123331,0.9133190428574209,0.3793147529961387,0.1295435311642131,0.2497712218319256,48,-34.16725344507282
0.08121742282123331,0.9556772691957369,0.3969067437539413,0.1346304899371583,0.262276253816783,50,-33.92126130256978
0.08121742282123331,1,0.4153146219413207,0.1397174487101036,0.2755971732312172,52,-33.66483318199173
0.08121742282123331,1.046378345737535,0.4345762270675689,0.1473478868695214,0.2872283401980474,55,-33.40836467479501
0.08121742282123331,1.09490764242842,0.4547311535758221,0.1549783250289393,0.2997528285468828,58,-33.16238507584564
0.08376090220770593,0.9133190428574209,0.3834307898191667,0.1295435311642131,0.2538872586549536,48,-34.15090852637277
0.08376090220770593,0.9556772691957369,0.4012136755558161,0.1371739693236309,0.2640397062321852,51,-33.90493878994953
0.08376090220770593,1,0.4198213021153709,0.1422609280965762,0.2775603740187947,53,-33.6484797524986
0.08376090220770593,1.046378345737535,0.4392919196128596,0.149891366255994,0.2894005533568656,56,-33.39202105162568
0.08376090220770593,1.09490764242842,0.4596655521403702,0.1549783250289393,0.304687227111431,58,-33.14605754050449
0.08630438159417855,0.9133190428574209,0.3874663651457578,0.1320870105506857,0.2553793545950721,49,-34.13504343466388
0.08630438159417855,0.9556772691957369,0.4054364141901538,0.1371739693236309,0.2682624448665228,51,-33.88907251095423
0.08630438159417855,1,0.4242398843820511,0.1448044074830488,0.2794354768990023,54,-33.63262060311604
0.08630438159417855,1.046378345737535,0.4439154284155737,0.149891366255994,0.2940240621595797,56,-33.37617116983455
0.08630438159417855,1.09490764242842,0.4645034916328571,0.1575218044154119,0.3069816872174452,59,-33.13018886805094
0.08884786098065117,0.9133190428574209,0.3914253554835391,0.1320870105506857,0.2593383449328533,49,-34.11965997916614
0.08884786098065117,0.9556772691957369,0.4095790159505922,0.1397174487101036,0.2698615672404886,52,-33.87367947180234
0.08884786098065117,1,0.428574613159188,0.1448044074830488,0.2837702056761393,54,-33.6172272414872
0.08884786098065117,1.046378345737535,0.4484511947426151,0.1524348456424666,0.2960163491001485,57,-33.36077544275503
0.08884786098065117,1.09490764242842,0.4692496192987987,0.1600652838018845,0.3091843354969142,60,-33.11480169822123
0.09139134036712379,0.9133190428574209,0.3953113458693374,0.1346304899371583,0.2606808559321791,50,-34.10470872549425
0.09139134036712379,0.9556772691957369,0.4136452321420358,0.1397174487101036,0.2739277834319322,52,-33.85872407786196
0.09139134036712379,1,0.432829413731002,0.1473478868695214,0.2854815268614807,55,-33.60227508842937
0.09139134036712379,1.046378345737535,0.452903325926393,0.1549783250289393,0.2979250008974537,58,-33.34584358785748
0.09139134036712379,1.09490764242842,0.4739082329618867,0.1600652838018845,0.3138429491600022,60,-33.09984665338222
0.09393481975359641,0.9133190428574209,0.399127659224233,0.1346304899371583,0.2644971692870747,50,-34.09017506129955
0.09393481975359641,0.9556772691957369,0.4176385397971476,0.1422609280965762,0.2753776117005714,53,-33.84418394716543
0.09393481975359641,1,0.4370079243891789,0.1473478868695214,0.2896600375196575,55,-33.58774446001611
0.09393481975359641,1.046378345737535,0.4572756289965427,0.1549783250289393,0.3022973039676035,58,-33.33127438450131
0.09393481975359641,1.09490764242842,0.4784833162154931,0.1626087631883571,0.315874553027136,61,-33.08529254105328
0.09647829914006903,0.9133190428574209,0.4028773820430137,0.1371739693236309,0.2657034127193827,51,-34.0760014003048
0.09647829914006903,0.9556772691957369,0.4215621685572375,0.1422609280965762,0.2793012404606613,53,-33.83003632214178
0.09647829914006903,1,0.44111352456045,0.149891366255994,0.291222158304456,56,-33.57356423335577
0.09647829914006903,1.046378345737535,0.4615716401120171,0.1575218044154119,0.3040498356966053,59,-33.31712258195559
0.09647829914006903,1.09490764242842,0.4829785692197733,0.1651522425748297,0.3178263266449435,62,-33.07115465145884
0.09902177852654165,0.9133190428574209,0.4065633869596896,0.1371739693236309,0.2693894176360586,51,-34.06222411527362
0.09902177852654165,0.9556772691957369,0.4254191242843293,0.1448044074830488,0.2806147168012805,54,-33.81621704945711
0.09902177852654165,1,0.4451493595137472,0.149891366255994,0.2952579932577532,56,-33.55980111230495
0.09902177852654165,1.046378345737535,0.465794650414118,0.1575218044154119,0.3082728459987061,59,-33.30332894867863
0.09902177852654165,1.09490764242842,0.4873974357537182,0.1651522425748297,0.3222451931788884,62,-33.0573470171496
0.1015652579130143,0.9133190428574209,0.4101883526389201,0.1397174487101036,0.2704709039288166,52,-34.04877457763956
0.1015652579130143,0.9556772691957369,0.4292122098751179,0.1448044074830488,0.2844078023920691,54,-33.80279053124293
0.1015652579130143,1,0.4491183621394775,0.1524348456424666,0.2966835164970109,57,-33.54633474776226
0.1015652579130143,1.046378345737535,0.4699477288158576,0.1600652838018845,0.3098824450139731,60,-33.28989107863682
0.1015652579130143,1.09490764242842,0.4917431270614487,0.1676957219613024,0.3240474051001463,63,-33.04390980517046
0.1041087372994869,0.9133190428574209,0.4137547813688421,0.1397174487101036,0.2740373326587385,52,-34.03567475842058
0.1041087372994869,0.9556772691957369,0.4329440436697244,0.1473478868695214,0.285596156800203,55,-33.78968055837571
0.1041087372994869,1,0.4530232722120453,0.1549783250289393,0.298044947183106,58,-33.53325588514347
0.1041087372994869,1.046378345737535,0.4740337421578449,0.1600652838018845,0.3139684583559604,60,-33.27679156479847
0.1041087372994869,1.09490764242842,0.4960186429428989,0.1676957219613024,0.3283229209815965,63,-33.030801983043
0.1066522166859595,0.9133190428574209,0.41726501467024,0.1422609280965762,0.2750040865736638,53,-34.02287669296107
0.1066522166859595,0.9556772691957369,0.4366170757847939,0.1473478868695214,0.2892691889152725,55,-33.77690162805236
0.1066522166859595,1,0.4568666534804526,0.1549783250289393,0.3018883284515133,58,-33.52044301409627
0.1066522166859595,1.046378345737535,0.4780553730915195,0.1626087631883571,0.3154466099031624,61,-33.2639852076407
0.1066522166859595,1.09490764242842,0.5002267904664442,0.170239201347775,0.3299875891186693,64,-33.01800915506039
0.1091956960724321,0.9133190428574209,0.4207212471874041,0.1422609280965762,0.2784603190908279,53,-34.01038708239199
0.1091956960724321,0.9556772691957369,0.4402336026485884,0.149891366255994,0.2903422363925944,56,-33.76440620780486
0.1091956960724321,1,0.4606509088775052,0.1575218044154119,0.3031291044620933,59,-33.50796089999567
0.1091956960724321,1.046378345737535,0.4820151359937358,0.1626087631883571,0.3194063728053786,61,-33.25151046353077
0.1091956960724321,1.09490764242842,0.5043702006215782,0.170239201347775,0.3341309992738032,64,-33.00553107060663
0.1117391754589047,0.9133190428574209,0.4241255390852127,0.1448044074830488,0.2793211316021639,54,-33.99817690919844
0.1117391754589047,0.9556772691957369,0.4437957799730251,0.149891366255994,0.2939044137170311,56,-33.75221196941322
0.1117391754589047,1,0.464378294093473,0.1575218044154119,0.3068564896780611,59,-33.49573952412774
0.1117391754589047,1.046378345737535,0.4859153911699468,0.1651522425748297,0.320763148595117,62,-33.23930094967626
0.1117391754589047,1.09490764242842,0.5084513431808161,0.1727826807342476,0.3356686624465685,65,-32.99331919643256
0.1142826548453774,0.9133190428574209,0.4274798271432176,0.1448044074830488,0.2826754196601688,54,-33.98623972601992
0.1142826548453774,0.9556772691957369,0.4473056343622874,0.1524348456424666,0.2948707887198208,57,-33.74027590845136
0.1142826548453774,1,0.468050929723089,0.1600652838018845,0.3079856459212045,60,-33.48384127777074
0.1142826548453774,1.046378345737535,0.489758357564561,0.1651522425748297,0.3246061149897313,62,-33.22739145217158
0.1142826548453774,1.09490764242842,0.5124725399995375,0.1727826807342476,0.3396898592652898,65,-32.98141072349439
0.11682613423185,0.9133190428574209,0.4307859347094681,0.1473478868695214,0.2834380478399466,55,-33.97460901199313
0.11682613423185,0.9556772691957369,0.4507650737282909,0.1524348456424666,0.2983302280858243,57,-33.72861214359796
0.11682613423185,1,0.471670812164067,0.1600652838018845,0.3116055283621825,60,-33.47215639981164
0.11682613423185,1.046378345737535,0.493546124164916,0.1676957219613024,0.3258504022036136,63,-33.21570571066447
0.11682613423185,1.09490764242842,0.5164359769488568,0.1753261601207202,0.3411098168281366,66,-32.96972824381172
0.1193696136183226,0.9133190428574209,0.4340455806534014,0.1473478868695214,0.28669769378388,55,-33.9631742562905
0.1193696136183226,0.9556772691957369,0.4541758966587939,0.1549783250289393,0.2991975716298547,58,-33.71721781998221
0.1193696136183226,1,0.4752398234196904,0.1626087631883571,0.3126310602313332,61,-33.46076654282727
0.1193696136183226,1.046378345737535,0.4972806602584938,0.1676957219613024,0.3295849382971915,63,-33.20430999768614
0.1193696136183226,1.09490764242842,0.5203437146485519,0.1778696395071928,0.3424740751413591,67,-32.95833170298009
0.1219130930047952,0.9133190428574209,0.4372603874375151,0.1473478868695214,0.2899125005679937,55,-33.95202342986897
0.1219130930047952,0.9556772691957369,0.4575398008634206,0.1549783250289393,0.3025614758344813,58,-33.70603746711679
0.1219130930047952,1,0.4787597399365472,0.1626087631883571,0.31615097674819,61,-33.44957044281484
0.1219130930047952,1.046378345737535,0.5009638246805367,0.170239201347775,0.3307246233327617,64,-33.19311702041599
0.1219130930047952,1.09490764242842,0.5241976981435684,0.1778696395071928,0.3463280586363756,67,-32.94714119260077
0.1244565723912678,0.9133190428574209,0.4404318884110303,0.149891366255994,0.2905405221550363,56,-33.94106188074228
0.1244565723912678,0.9556772691957369,0.4608583908055925,0.1575218044154119,0.3033365863901806,59,-33.69509292987809
0.1244565723912678,1,0.4822322405904182,0.1626087631883571,0.3196234774020611,61,-33.43864664692445
0.1244565723912678,1.046378345737535,0.5045973741703067,0.170239201347775,0.3343581728225317,64,-33.18219030373517
0.1244565723912678,1.09490764242842,0.5279997656478295,0.1804131188936655,0.347586646754164,68,-32.93621460996286
0.1270000517777405,0.9133190428574209,0.4435615344148186,0.149891366255994,0.2936701681588246,56,-33.93034767782071
0.1270000517777405,0.9556772691957369,0.4641331846137806,0.1575218044154119,0.3066113801983686,59,-33.68435488186621
0.1270000517777405,1,0.4856589139180616,0.1651522425748297,0.3205066713432319,62,-33.42790716818742
0.1270000517777405,1.046378345737535,0.5081829709382691,0.1727826807342476,0.3354002902040215,65,-33.17146263630602
0.1270000517777405,1.09490764242842,0.5317516564623719,0.1804131188936655,0.3513385375687064,68,-32.92547833392667
0.1295435311642131,0.9133190428574209,0.4466506997750446,0.1524348456424666,0.294215854132578,57,-33.91983930045264
0.1295435311642131,0.9556772691957369,0.4673656203531236,0.1575218044154119,0.3098438159377117,59,-33.67386761406289
0.1295435311642131,1,0.4890412646796982,0.1651522425748297,0.3238890221048685,62,-33.41740932700523
0.1295435311642131,1.046378345737535,0.5117221895329346,0.1727826807342476,0.338939508798687,65,-33.16096569960604
0.1295435311642131,1.09490764242842,0.5354550181606613,0.1829565982801381,0.3524984198805232,69,-32.91498617344651
0.1320870105506857,0.9133190428574209,0.4497006877529284,0.1524348456424666,0.2972658421104617,57,-33.90952616640147
0.1320870105506857,0.9556772691957369,0.470557061727941,0.1600652838018845,0.3104917779260565,60,-33.66355082761509
0.1320870105506857,1,0.492380719825998,0.1676957219613024,0.3246849978646956,63,-33.40711194111651
0.1320870105506857,1.046378345737535,0.5152165230845843,0.1753261601207202,0.3398903629638641,66,-33.15064710635404
0.1320870105506857,1.09490764242842,0.5391114131218918,0.1829565982801381,0.3561548148417537,69,-32.90466680360724
0.1346304899371583,0.9133190428574209,0.4527127355094479,0.1524348456424666,0.3002778898669812,57,-33.89944465066775
0.1346304899371583,0.9556772691957369,0.4737088032766902,0.1600652838018845,0.3136435194748057,60,-33.65345119584516
0.1346304899371583,1,0.4956786339339705,0.1676957219613024,0.3279829119726682,63,-33.39700590670991
0.1346304899371583,1.046378345737535,0.5186673889932691,0.1753261601207202,0.3433412288725489,66,-33.14054542108393
0.1346304899371583,1.09490764242842,0.5427223244827835,0.1829565982801381,0.3597657262026454,69,-32.89457925401495
0.1371739693236309,0.9133190428574209,0.4556880186364561,0.1549783250289393,0.3007096936075169,58,-33.88951880876192
0.1371739693236309,0.9556772691957369,0.47682207511323,0.1626087631883571,0.3142133119248729,61,-33.64353492747988
0.1371739693236309,1,0.4989362941681202,0.170239201347775,0.3286970928203452,64,-33.38708171454281
0.1371739693236309,1.046378345737535,0.5220761341200537,0.1778696395071928,0.3442064946128609,67,-33.13062856347477
0.1371739693236309,1.09490764242842,0.5462891615695892,0.1855000776666107,0.3607890839029785,70,-32.88464680742039
0.1397174487101036,0.9133190428574209,0.4586276552993769,0.1549783250289393,0.3036493302704377,58,-33.87979061829861
0.1397174487101036,0.9556772691957369,0.4798980472616465,0.1626087631883571,0.3172892840732894,61,-33.63379309428859
0.1397174487101036,1,0.502154924816315,0.170239201347775,0.33191572346854,64,-33.37733725897855
0.1397174487101036,1.046378345737535,0.5254440395332518,0.1778696395071928,0.347574400026059,67,-33.1208915729096
0.1397174487101036,1.09490764242842,0.5498132648644519,0.1855000776666107,0.3643131871978412,70,-32.8749264378026
0.1422609280965762,0.9133190428574209,0.4615327100312048,0.1575218044154119,0.3040109056157929,59,-33.87021380896812
0.1422609280965762,0.9556772691957369,0.4829378336262135,0.1651522425748297,0.3177855910513838,62,-33.62424289359834
0.1422609280965762,1,0.5053356914438661,0.170239201347775,0.3350964900960912,64,-33.36779983020674
0.1422609280965762,1.046378345737535,0.528772324855166,0.1804131188936655,0.3483592059615006,68,-33.11133546506895
0.1422609280965762,1.09490764242842,0.5532959105537391,0.1880435570530833,0.3652523535006558,71,-32.86535205311159
0.1448044074830488,0.9133190428574209,0.464404197212839,0.1575218044154119,0.3068823927974271,59,-33.8608127946262
0.1448044074830488,0.9556772691957369,0.4859424956331385,0.1651522425748297,0.3207902530583087,62,-33.6148323147023
0.1448044074830488,1,0.5084797047041727,0.1727826807342476,0.3356970239699251,65,-33.35839016554954
0.1448044074830488,1.046378345737535,0.5320621522494624,0.1804131188936655,0.3516490333557969,68,-33.10193599966035
0.1448044074830488,1.09490764242842,0.556738314700345,0.1880435570530833,0.3686947576472617,71,-32.85597146059398
0.1473478868695214,0.9133190428574209,0.4672430842707113,0.1575218044154119,0.3097212798552994,59,-33.85160458765919
0.1473478868695214,0.9556772691957369,0.4889130455764905,0.1651522425748297,0.3237608030016608,62,-33.60561482619645
0.1473478868695214,1,0.5115880238398282,0.1727826807342476,0.3388053431055805,65,-33.34917347101738
0.1473478868695214,1.046378345737535,0.535314630084654,0.1829565982801381,0.3523580318045159,69,-33.09272486061253
0.1473478868695214,1.09490764242842,0.5601416370770806,0.1905870364395559,0.3695546006375247,72,-32.84673351894764
0.149891366255994,0.9133190428574209,0.4700502946191304,0.1600652838018845,0.3099850108172459,60,-33.8425250291578
0.149891366255994,0.9556772691957369,0.4918504496970066,0.1676957219613024,0.3241547277357043,63,-33.59655525231235
0.149891366255994,1,0.5146616599042164,0.1753261601207202,0.3393354997834962,66,-33.34009909897982
0.149891366255994,1.046378345737535,0.5385308163051078,0.1829565982801381,0.3555742180249697,69,-33.08363865681742
0.149891366255994,1.09490764242842,0.5635069846940229,0.1905870364395559,0.372919948254467,72,-32.8376682367268
0.1524348456424666,0.9133190428574209,0.4728267103716923,0.1600652838018845,0.3127614265698078,60,-33.8336082887912
0.1524348456424666,0.9556772691957369,0.4947556310192519,0.1676957219613024,0.3270599090579496,63,-33.58763284660655
0.1524348456424666,1,0.517701578730255,0.1753261601207202,0.3423754186095348,66,-33.33118054158619
0.1524348456424666,1.046378345737535,0.5417117215374744,0.1829565982801381,0.3587551232573363,69,-33.07473260725824
0.1524348456424666,1.09490764242842,0.5668354150490146,0.1931305158260286,0.373704899222986,73,-32.82875500487673
0.1549783250289393,0.9133190428574209,0.4755731748434112,0.1626087631883571,0.3129644116550541,61,-33.82485495421834
0.1549783250289393,0.9556772691957369,0.4976294719697961,0.170239201347775,0.3273902706220211,64,-33.57888374547939
0.1549783250289393,1,0.5207087036699982,0.1778696395071928,0.3428390641628054,67,-33.32241556176889
0.1549783250289393,1.046378345737535,0.544858311957349,0.1855000776666107,0.3593582342907383,70,-33.06596383200558
0.1549783250289393,1.09490764242842,0.5701279391272766,0.1931305158260286,0.376997423301248,73,-32.81998309864505
0.1575218044154119,0.9133190428574209,0.4782904948628817,0.1626087631883571,0.3156817316745245,61,-33.81620990971459
0.1575218044154119,0.9556772691957369,0.500472816796609,0.170239201347775,0.3302336154488341,64,-33.57023636327466
0.1575218044154119,1,0.5236839181262402,0.1778696395071928,0.3458142786190473,67,-33.31377483418443
0.1575218044154119,1.046378345737535,0.5479715119382859,0.1855000776666107,0.3624714342716752,70,-33.05733792088004
0.1575218044154119,1.09490764242842,0.5733855241732794,0.1956739952125012,0.3777115289607782,74,-32.8113591639864
0.1600652838018845,0.9133190428574209,0.480979442911712,0.1626087631883571,0.3183706797233549,61,-33.80772807407747
0.1600652838018845,0.9556772691957369,0.5032864738077183,0.170239201347775,0.3330472724599433,64,-33.56175225363224
0.1600652838018845,1,0.5266280678949975,0.1778696395071928,0.3487584283878047,67,-33.30529719787043
0.1600652838018845,1.046378345737535,0.5510522065029216,0.1880435570530833,0.3630086494498383,71,-33.04885121332002
0.1600652838018845,1.09490764242842,0.5766090962555457,0.1956739952125012,0.3809351010430445,74,-32.80286089521294
0.1626087631883571,0.9133190428574209,0.4836407591066638,0.1651522425748297,0.3184885165318341,62,-33.79936806359623
0.1626087631883571,0.9556772691957369,0.5060712174452765,0.1727826807342476,0.3332885367110289,65,-33.5534019660853
0.1626087631883571,1,0.5295419633357688,0.1804131188936655,0.3491288444421033,68,-33.29694327268788
0.1626087631883571,1.046378345737535,0.554101243593888,0.1880435570530833,0.3660576865408047,71,-33.04048694050537
0.1626087631883571,1.09490764242842,0.5797995426428835,0.1956739952125012,0.3841255474303823,74,-32.79452047177502
0.1651522425748297,0.9133190428574209,0.486275153038327,0.1651522425748297,0.3211229104634973,62,-33.79113053463013
0.1651522425748297,0.9556772691957369,0.5088277902095113,0.1727826807342476,0.3360451094752637,65,-33.54516515215873
0.1651522425748297,1,0.5324263813847139,0.1804131188936655,0.3520132624910484,68,-33.2887154561223
0.1651522425748297,1.046378345737535,0.5571194361803588,0.1880435570530833,0.3690758791272755,71,-33.03227561759459
0.1651522425748297,1.09490764242842,0.5829577140086319,0.1982174745989738,0.3847402394096582,75,-32.78628279972135
0.1676957219613024,0.9133190428574209,0.4888833054787574,0.1651522425748297,0.3237310629039276,62,-33.78304136477122
0.1676957219613024,0.9556772691957369,0.5115569044455601,0.1727826807342476,0.3387742237113125,65,-33.53707667875315
0.1676957219613024,1,0.5352820674243594,0.1829565982801381,0.3523254691442212,69,-33.28063538140721
0.1676957219613024,1.046378345737535,0.5601075642144687,0.1905870364395559,0.3695205277749128,72,-33.02416237984382
0.1676957219613024,1.09490764242842,0.5860844264778159,0.1982174745989738,0.3878669518788421,75,-32.77818883017441
0.170239201347775,0.9133190428574209,0.4914658699692502,0.1676957219613024,0.3237701480079478,63,-33.77507457681246
0.170239201347775,0.9556772691957369,0.5142592440048824,0.1753261601207202,0.3389330838841622,66,-33.52910323891391
0.170239201347775,1,0.5381097370220642,0.1829565982801381,0.3551531387419261,69,-33.2726416848535
0.170239201347775,1.046378345737535,0.5630663764504075,0.1905870364395559,0.3724793400108515,72,-33.01618710101336
0.170239201347775,1.09490764242842,0.5891804635306055,0.2007609539854464,0.3884195095451591,76,-32.77021521464339
0.1727826807342476,0.9133190428574209,0.4940234742983227,0.1676957219613024,0.3263277523370203,63,-33.76720616953657
0.1727826807342476,0.9556772691957369,0.5169354657917885,0.1753261601207202,0.3416093056710683,66,-33.52123823116856
0.1727826807342476,1,0.5409100775482737,0.1829565982801381,0.3579534792681356,69,-33.26478772627198
0.1727826807342476,1.046378345737535,0.5659965921377244,0.1931305158260286,0.3728660763116958,73,-33.00833776101355
0.1727826807342476,1.09490764242842,0.5922465777741542,0.2007609539854464,0.3914856237887078,76,-32.76235238643743
0.1753261601207202,0.9133190428574209,0.4965567218789942,0.1676957219613024,0.3288609999176918,63,-33.75947325228017
0.1753261601207202,0.9556772691957369,0.5195862012045952,0.1778696395071928,0.3417165616974024,67,-33.51350387994685
0.1753261601207202,1,0.5436837496845143,0.1855000776666107,0.3581836720179036,70,-33.25704492013708
0.1753261601207202,1.046378345737535,0.568898902599262,0.1931305158260286,0.3757683867732334,73,-33.0005841104805
0.1753261601207202,1.09490764242842,0.5952834925937148,0.203304433371919,0.3919790592217958,77,-32.75461911688183
0.1778696395071928,0.9133190428574209,0.4990661930335811,0.170239201347775,0.3288269916858061,64,-33.7518454300481
0.1778696395071928,0.9556772691957369,0.5222120574800079,0.1778696395071928,0.3443424179728151,67,-33.50584894305157
0.1778696395071928,1,0.5464313888301251,0.1855000776666107,0.3609313111635144,70,-33.24940315885856
0.1778696395071928,1.046378345737535,0.57177397270313,0.1931305158260286,0.3786434568771014,73,-32.9929620561685
0.1778696395071928,1.09490764242842,0.5982919036928795,0.203304433371919,0.3949874703209605,77,-32.74697349120123
0.1804131188936655,0.9133190428574209,0.501552446193444,0.170239201347775,0.331313244845669,64,-33.74431289445063
0.1804131188936655,0.9556772691957369,0.52481361894851,0.1778696395071928,0.3469439794413172,67,-33.49832218204421
0.1804131188936655,1,0.5491536064158709,0.1855000776666107,0.3636535287492602,70,-33.24188925505176
0.1804131188936655,1.046378345737535,0.5746224422372402,0.1956739952125012,0.3789484470247391,74,-32.98542965449878
0.1804131188936655,1.09490764242842,0.6012724805318657,0.203304433371919,0.3979680471599466,77,-32.73945581634899
0.1829565982801381,0.9133190428574209,0.5040160190204346,0.170239201347775,0.3337768176726596,64,-33.73690462229902
0.1829565982801381,0.9556772691957369,0.5273914482078202,0.1778696395071928,0.3495218087006274,67,-33.49091954698284
0.1829565982801381,1,0.5518509911318218,0.1880435570530833,0.3638074340787385,71,-33.23447169950018
0.1829565982801381,1.046378345737535,0.5774449271941346,0.1956739952125012,0.3817709319816335,74,-32.97800905240415
0.1829565982801381,1.09490764242842,0.60422586767193,0.2058479127583916,0.3983779549135383,78,-32.73203866892741
0.1855000776666107,0.9133190428574209,0.5064574294561618,0.1727826807342476,0.3336747487219142,65,-33.72957988787987
0.1855000776666107,0.9556772691957369,0.5299460872208229,0.1804131188936655,0.3495329683271575,68,-33.48358992976929
0.1855000776666107,1,0.5545241100762041,0.1880435570530833,0.3664805530231208,71,-33.22715094130597
0.1855000776666107,1.046378345737535,0.5802420209731171,0.1982174745989738,0.3820245463741433,75,-32.97070684187553
0.1855000776666107,1.09490764242842,0.6071526860332543,0.2058479127583916,0.4013047732748627,78,-32.72471868732244
0.1880435570530833,0.9133190428574209,0.5088771767046492,0.1727826807342476,0.3360944959704015,65,-33.72235424174708
0.1880435570530833,0.9556772691957369,0.532478058343798,0.1804131188936655,0.3520649394501326,68,-33.47637217131523
0.1880435570530833,1,0.557173509831318,0.1905870364395559,0.366586473391762,72,-33.21994482511187
0.1880435570530833,1.046378345737535,0.5830142955060706,0.1982174745989738,0.3847968209070969,75,-32.96347624886013
0.1880435570530833,1.09490764242842,0.6100535340729765,0.2058479127583916,0.4042056213145848,78,-32.71751614692145
0.1905870364395559,0.9133190428574209,0.5112757421534483,0.1727826807342476,0.3384930614192007,65,-33.71524300605824
0.1905870364395559,0.9556772691957369,0.5349878652902557,0.1804131188936655,0.3545747463965902,68,-33.46926864302357
0.1905870364395559,1,0.5597997174720729,0.1905870364395559,0.369212681032517,72,-33.21280641301419
0.1905870364395559,1.046378345737535,0.585762302312767,0.1982174745989738,0.3875448277137933,75,-32.95636017941644
0.1905870364395559,1.09490764242842,0.612928988889443,0.2083913921448643,0.4045375967445788,79,-32.71038834623227
0.1931305158260286,0.9133190428574209,0.5136535902378329,0.1753261601207202,0.3383274301171126,66,-33.70823072449168
0.1931305158260286,0.9556772691957369,0.5374759940352092,0.1829565982801381,0.3545193957550711,69,-33.46223982326955
0.1931305158260286,1,0.5624032415121993,0.1905870364395559,0.3718162050726434,72,-33.20577960258458
0.1931305158260286,1.046378345737535,0.5884865734909625,0.2007609539854464,0.387725619505516,76,-32.94933982373534
0.1931305158260286,1.09490764242842,0.6157796072582236,0.2083913921448643,0.4073882151133593,79,-32.70336644831967
0.1956739952125012,0.9133190428574209,0.516011169252289,0.1753261601207202,0.3406850091315687,66,-33.7012865557195
0.1956739952125012,0.9556772691957369,0.5399429136643012,0.1829565982801381,0.3569863153841631,69,-33.45530543194766
0.1956739952125012,1,0.5649845727927562,0.1905870364395559,0.3743975363532002,72,-33.1988610980498
0.1956739952125012,1.046378345737535,0.591187622646112,0.2007609539854464,0.3904266686606656,76,-32.94239758365139
0.1956739952125012,1.09490764242842,0.6186059266049447,0.2109348715313369,0.4076710550736078,80,-32.6964286829821
0.1982174745989738,0.9133190428574209,0.5183489121131574,0.1753261601207202,0.3430227519924371,66,-33.69444810191202
0.1982174745989738,0.9556772691957369,0.5423890771718165,0.1855000776666107,0.3568889995052058,70,-33.44847104861822
0.1982174745989738,1,0.5675441853171534,0.1931305158260286,0.3744136694911249,73,-33.19200256055603
0.1982174745989738,1.046378345737535,0.59386594576512,0.2007609539854464,0.3931049917796736,76,-32.93556101613027
0.1982174745989738,1.09490764242842,0.6214084659195629,0.2109348715313369,0.410473594388226,80,-32.68957769329921
0.2007609539854464,0.9133190428574209,0.5206672370759546,0.1778696395071928,0.3427975975687618,67,-33.68769271181651
0.2007609539854464,0.9556772691957369,0.5448149222112703,0.1855000776666107,0.3593148445446596,70,-33.44169684784732
0.2007609539854464,1,0.5700825370365528,0.1931305158260286,0.3769520212105242,73,-33.18524590023034
0.2007609539854464,1.046378345737535,0.5965220220381651,0.203304433371919,0.393217588666246,77,-32.92880384623368
0.2007609539854464,1.09490764242842,0.6241877266163045,0.2109348715313369,0.4132528550849676,80,-32.68282964910346
0.203304433371919,0.9133190428574209,0.5229665484106049,0.1778696395071928,0.345096908903412,67,-33.68100761729657
0.203304433371919,0.9556772691957369,0.5472208718019572,0.1855000776666107,0.3617207941353465,70,-33.43502322898264
0.203304433371919,1,0.5726000705891836,0.1931305158260286,0.379469554763155,73,-33.17858944587144
0.203304433371919,1.046378345737535,0.5991563146323057,0.203304433371919,0.3958518812603866,77,-32.92212686155388
0.203304433371919,1.09490764242842,0.62694419334315,0.2134783509178095,0.4134658424253405,81,-32.67615843207124
0.2058479127583916,0.9133190428574209,0.5252472370375447,0.1778696395071928,0.3473775975303519,67,-33.67442052462444
0.2058479127583916,0.9556772691957369,0.5496073349945569,0.1855000776666107,0.3641072573279462,70,-33.4284473690737
0.2058479127583916,1,0.5750972139968197,0.1956739952125012,0.3794232187843185,74,-33.17199567380578
0.2058479127583916,1.046378345737535,0.6017692714202573,0.203304433371919,0.3984648380483382,77,-32.91554770704375
0.2058479127583916,1.09490764242842,0.6296783347444105,0.2134783509178095,0.4161999838266009,81,-32.6695674620384
0.2083913921448643,0.9133190428574209,0.5275096811274238,0.1804131188936655,0.3470965622337583,68,-33.66792625834188
0.2083913921448643,0.9556772691957369,0.5519747074986483,0.1880435570530833,0.363931150445565,71,-33.4219327559054
0.2083913921448643,1,0.5775743813213953,0.1956739952125012,0.3819003861088941,74,-33.16548812287575
0.2083913921448643,1.046378345737535,0.6043613256674617,0.2058479127583916,0.3985134129090701,78,-32.90903951322355
0.2083913921448643,1.09490764242842,0.6323906041796622,0.2134783509178095,0.4189122532618527,81,-32.66307185857021
0.2109348715313369,0.9133190428574209,0.5297542466668989,0.1804131188936655,0.3493411277732334,68,-33.66148038861557
0.2109348715313369,0.9556772691957369,0.5543233722747436,0.1880435570530833,0.3662798152216603,71,-33.41549989475751
0.2109348715313369,1,0.580031973284498,0.1982174745989738,0.3818144986855242,75,-33.1590660011724
0.2109348715313369,1.046378345737535,0.606932896680311,0.2058479127583916,0.4010849839219194,78,-32.90260733454697
0.2109348715313369,1.09490764242842,0.635081440402034,0.2160218303042821,0.4190596100977518,82,-32.65663013247242
0.2134783509178095,0.9133190428574209,0.5319812879928265,0.1804131188936655,0.3515681690991611,68,-33.65512564676705
0.2134783509178095,0.9556772691957369,0.556653700093257,0.1880435570530833,0.3686101430401737,71,-33.4091578959236
0.2134783509178095,1,0.5824703778522601,0.1982174745989738,0.3842529032532863,75,-33.15269994827258
0.2134783509178095,1.046378345737535,0.6094843904181647,0.2058479127583916,0.4036364776597731,78,-32.89626600426111
0.2134783509178095,1.09490764242842,0.6377512681986092,0.2160218303042821,0.421729437894327,82,-32.65027934382608
0.2160218303042821,0.9133190428574209,0.5341911482969706,0.1804131188936655,0.3537780294033051,68,-33.64885959602663
0.2160218303042821,0.9556772691957369,0.5589660500626182,0.1905870364395559,0.3683790136230623,72,-33.40288476038536
0.2160218303042821,1,0.5848899707879666,0.1982174745989738,0.3866724961889928,75,-33.14642281462965
0.2160218303042821,1.046378345737535,0.6120162000715875,0.2083913921448643,0.4036248079267233,79,-32.88998267371886
0.2160218303042821,1.09490764242842,0.64040049899548,0.2185653096907547,0.4218351893047253,83,-32.64400577232211
0.2185653096907547,0.9133190428574209,0.53638416010318,0.1829565982801381,0.3534275618230419,69,-33.64266727069744
0.2185653096907547,0.9556772691957369,0.5612607701285827,0.1905870364395559,0.3706737336890267,72,-33.39667484519706
0.2185653096907547,1,0.5872911161745211,0.1982174745989738,0.3890736415755474,75,-33.14023225063472
0.2185653096907547,1.046378345737535,0.6145287066090458,0.2083913921448643,0.4061373144641816,79,-32.88377711153999
0.2185653096907547,1.09490764242842,0.6430295314298003,0.2185653096907547,0.4244642217390456,83,-32.63779274450452
0.2211087890772274,0.9133190428574209,0.5385606457188412,0.1829565982801381,0.3556040474387031,69,-33.63652793241274
0.2211087890772274,0.9556772691957369,0.5635381975466197,0.1905870364395559,0.3729511611070638,72,-33.39054962116431
0.2211087890772274,1,0.5896741669087441,0.2007609539854464,0.3889132129232977,76,-33.13408847071809
0.2211087890772274,1.046378345737535,0.6170222792941307,0.2083913921448643,0.4086308871492664,79,-32.87765615476845
0.2211087890772274,1.09490764242842,0.6456387518909956,0.2185653096907547,0.4270734422002409,83,-32.63166446917949
0.2236522684637,0.9133190428574209,0.5407209176622678,0.1829565982801381,0.3577643193821297,69,-33.63047137412541
0.2236522684637,0.9556772691957369,0.5657986593291257,0.1931305158260286,0.3726681435030971,73,-33.38449209799769
0.2236522684637,1,0.5920394651693256,0.2007609539854464,0.3912785111838792,76,-33.12802507518561
0.2236522684637,1.046378345737535,0.6194972761752138,0.2109348715313369,0.4085624046438769,80,-32.87158689366155
0.2236522684637,1.09490764242842,0.648228535033129,0.2211087890772274,0.4271197459559017,84,-32.62561491810055
0.2261957478501726,0.9133190428574209,0.5428652790675733,0.1855000776666107,0.3573652014009626,70,-33.62448032577766
0.2261957478501726,0.9556772691957369,0.5680424726690726,0.1931305158260286,0.374911956843044,73,-33.37848920927225
0.2261957478501726,1,0.5943873428601231,0.2007609539854464,0.3936263888746767,76,-33.12204247858455
0.2261957478501726,1.046378345737535,0.6219540445493045,0.2109348715313369,0.4110191730179676,80,-32.86559169855333
0.2261957478501726,1.09490764242842,0.6507992442602704,0.2211087890772274,0.429690455183043,84,-32.61961424972016
0.2287392272366452,0.9133190428574209,0.5449940240684468,0.1855000776666107,0.3594939464018361,70,-33.61854121970735
0.2287392272366452,0.9556772691957369,0.5702699453415836,0.1931305158260286,0.377139429515555,73,-33.3725654672872
0.2287392272366452,1,0.5967181220303607,0.203304433371919,0.3934136886584416,77,-33.1161215271792
0.2287392272366452,1.046378345737535,0.6243929214017373,0.2109348715313369,0.4134580498704004,80,-32.85967550366428
0.2287392272366452,1.09490764242842,0.6533512321865765,0.2211087890772274,0.4322424431093492,84,-32.61369268578296
0.2312827066231178,0.9133190428574209,0.5471074381621567,0.1855000776666107,0.361607360495546,70,-33.61267957412523
0.2312827066231178,0.9556772691957369,0.5724813760848182,0.1931305158260286,0.3793508602587896,73,-33.3667188964258
0.2312827066231178,1,0.5990321152731797,0.203304433371919,0.3957276819012606,77,-33.11025692557207
0.2312827066231178,1.046378345737535,0.626814233823206,0.2134783509178095,0.4133358829053965,81,-32.85381273482486
0.2312827066231178,1.09490764242842,0.6558848410726668,0.2236522684637,0.4322325726089667,85,-32.60783796411886
0.2338261860095905,0.9133190428574209,0.5492057985550053,0.1855000776666107,0.3637057208883946,70,-33.60689347622919
0.2338261860095905,0.9556772691957369,0.5746770549614483,0.1956739952125012,0.3790030597489471,74,-33.36091371104875
0.2338261860095905,1,0.6013296261038786,0.203304433371919,0.3980251927319596,77,-33.10446792670253
0.2338261860095905,1.046378345737535,0.6292182994055469,0.2134783509178095,0.4157399484877373,81,-32.84801333209398
0.2338261860095905,1.09490764242842,0.6584004032397611,0.2236522684637,0.4347481347760611,85,-32.60203490713026
0.2363696653960631,0.9133190428574209,0.5512893744903677,0.1880435570530833,0.3632458174372845,71,-33.60115385019493
0.2363696653960631,0.9556772691957369,0.5768572637019114,0.1956739952125012,0.3811832684894102,74,-33.35517771018374
0.2363696653960631,1,0.603610949319087,0.2058479127583916,0.3977630365606953,78,-33.09873487159878
0.2363696653960631,1.046378345737535,0.6316054266175692,0.2134783509178095,0.4181270756997597,81,-32.84228787788179
0.2363696653960631,1.09490764242842,0.6608982414629421,0.2236522684637,0.4372459729992421,85,-32.59630586599824
0.2389131447825357,0.9133190428574209,0.5533584275603767,0.1880435570530833,0.3653148705072934,71,-33.59547399766742
0.2389131447825357,0.9556772691957369,0.5790222760305506,0.1956739952125012,0.3833482808180494,74,-33.34951406394746
0.2389131447825357,1,0.6058763713380297,0.2058479127583916,0.4000284585796381,78,-33.09305562301869
0.2389131447825357,1.046378345737535,0.6339759151621479,0.2160218303042821,0.4179540848578658,82,-32.8366090061804
0.2389131447825357,1.09490764242842,0.6633786693448082,0.2261957478501726,0.4371829214946356,86,-32.59063222662802
0.2414566241690083,0.9133190428574209,0.5554132120022257,0.1880435570530833,0.3673696549491424,71,-33.58986506296922
0.2414566241690083,0.9556772691957369,0.5811723579756597,0.1982174745989738,0.3829548833766859,75,-33.34390464022483
0.2414566241690083,1,0.6081261705269533,0.2058479127583916,0.4022782577685616,78,-33.08744728137059
0.2414566241690083,1.046378345737535,0.6363300563156954,0.2160218303042821,0.4203082260114133,82,-32.83099227425295
0.2414566241690083,1.09490764242842,0.6658419916706898,0.2261957478501726,0.4396462438205172,86,-32.58501350657647
0.2440001035554809,0.9133190428574209,0.55745397498001,0.1880435570530833,0.3694104179269267,71,-33.58432536863747
0.2440001035554809,0.9556772691957369,0.5833077681643961,0.1982174745989738,0.3850902935654223,75,-33.33834398896308
0.2440001035554809,1,0.6103606175077143,0.2083913921448643,0.4019692253628501,79,-33.08190250867157
0.2440001035554809,1.046378345737535,0.6386681332510623,0.2160218303042821,0.4226463029467802,82,-32.82544492181371
0.2440001035554809,1.09490764242842,0.6682885047465261,0.2261957478501726,0.4420927568963535,86,-32.57946420150509
0.2465435829419536,0.9133190428574209,0.5594809568529496,0.1905870364395559,0.3688939204133937,72,-33.57882995875474
0.2465435829419536,0.9556772691957369,0.5854287581034425,0.1982174745989738,0.3872112835044688,75,-33.33285132823463
0.2465435829419536,1,0.6125799754514597,0.2083913921448643,0.4041885833065955,79,-33.07639648112516
0.2465435829419536,1.046378345737535,0.6409904213448381,0.2185653096907547,0.4224251116540834,83,-32.81995279846485
0.2465435829419536,1.09490764242842,0.6707184967204172,0.2287392272366452,0.441979269483772,87,-32.57397957255317
0.2490870623284262,0.9133190428574209,0.5614943914307878,0.1905870364395559,0.3709073549912319,72,-33.57338676849271
0.2490870623284262,0.9556772691957369,0.5875355724462517,0.2007609539854464,0.3867746184608052,76,-33.32741437362945
0.2490870623284262,1,0.6147845003582644,0.2083913921448643,0.4063931082134001,79,-33.07095710255228
0.2490870623284262,1.046378345737535,0.6432971884699575,0.2185653096907547,0.4247318787792028,83,-32.81450688264915
0.2490870623284262,1.09490764242842,0.6731322478888014,0.2287392272366452,0.4443930206521562,87,-32.56853319937154
0.2516305417148988,0.9133190428574209,0.5634945062171025,0.1905870364395559,0.3729074697775466,72,-33.56800876434309
0.2516305417148988,0.9556772691957369,0.5896284492476409,0.2007609539854464,0.3888674952621945,76,-33.32201785932605
0.2516305417148988,1,0.6169744413235345,0.2083913921448643,0.4085830491786703,79,-33.06558284413663
0.2516305417148988,1.046378345737535,0.6455886952744598,0.2185653096907547,0.4270233855837051,83,-32.80912620012456
0.2516305417148988,1.09490764242842,0.6755300309881428,0.2287392272366452,0.4467908037514976,87,-32.56315206739934
0.2541740211013714,0.9133190428574209,0.5654815226412172,0.1931305158260286,0.3723510068151886,73,-33.56269219543451
0.2541740211013714,0.9556772691957369,0.5917076202064593,0.2007609539854464,0.3909466662210129,76,-33.31668536861645
0.2541740211013714,1,0.6191500407919285,0.2109348715313369,0.4082151692605916,80,-33.06025157358017
0.2541740211013714,1.046378345737535,0.6478651954471853,0.2211087890772274,0.426756406369958,84,-32.80380768509981
0.2541740211013714,1.09490764242842,0.6779121114729505,0.2312827066231178,0.4466294048498327,88,-32.5578303694988
0.256717500487844,0.9133190428574209,0.5674556562793559,0.1931305158260286,0.3743251404533273,73,-33.55740439229461
0.256717500487844,0.9556772691957369,0.5937733108969997,0.2007609539854464,0.3930123569115533,76,-33.31141546187319
0.256717500487844,1,0.6213115347995015,0.2109348715313369,0.4103766632681646,80,-33.05497055575126
0.256717500487844,1.046378345737535,0.6501269359711512,0.2211087890772274,0.4290181468939239,84,-32.79852184017383
0.256717500487844,1.09490764242842,0.6802787477809055,0.2312827066231178,0.4489960411577876,88,-32.55254547763499
0.2592609798743166,0.9133190428574209,0.5694171170656405,0.1931305158260286,0.3762866012396119,73,-33.55217808116197
0.2592609798743166,0.9556772691957369,0.5958257409897811,0.203304433371919,0.3925213076178621,77,-33.30619649331025
0.2592609798743166,1,0.6234591532047281,0.2109348715313369,0.4125242816733912,80,-33.04975091590433
0.2592609798743166,1.046378345737535,0.6523741573652877,0.2211087890772274,0.4312653682880603,84,-32.79329745433865
0.2592609798743166,1.09490764242842,0.6826301915858081,0.2312827066231178,0.4513474849626902,88,-32.54732202884425
0.2618044592607893,0.9133190428574209,0.5713661094934933,0.1931305158260286,0.3782355936674647,73,-33.54701190639392
0.2618044592607893,0.9556772691957369,0.5978651244622928,0.203304433371919,0.3945606910903737,77,-33.3010143444623
0.2618044592607893,1,0.6255931199090193,0.2134783509178095,0.4121147689912098,81,-33.04457510598176
0.2618044592607893,1.046378345737535,0.6546070939151829,0.2236522684637,0.4309548254514829,85,-32.7881330913735
0.2618044592607893,1.09490764242842,0.6849666880390243,0.2338261860095905,0.4511405020294338,89,-32.54215364767134
